p_val	avg_log2FC	pct.1	pct.2	p_val_adj	cluster	peak
5.20086982757903e-20	1.17847903890704	0.244	0.108	2.43727842642853e-14	C1	chr7-43904498-43905648
1.1930648620093e-19	1.37190631567228	0.146	0.054	5.59104793218557e-14	C1	chr12-49987497-49988662
4.6882833648417e-18	1.48445232833508	0.21	0.073	2.1970655449824e-12	C1	chr20-44415497-44416486
6.40722642836104e-17	1.87505623832003	0.228	0.062	3.00261211389641e-11	C1	chr5-132277941-132278509
1.58853496994228e-16	1.31744684463828	0.191	0.075	7.44433554429082e-11	C1	chr9-93061747-93062402
1.64053926277259e-16	1.91776940196115	0.127	0.033	7.68804274173858e-11	C1	chr19-33437785-33438794
2.1228058571933e-16	1.65081548852791	0.164	0.051	9.94808386050639e-11	C1	chr17-43216506-43217591
3.92490332764655e-16	1.69273157242485	0.18	0.054	1.83932352153167e-10	C1	chr11-64580431-64581439
9.05465977641143e-16	1.36816320879106	0.205	0.079	4.24327615635991e-10	C1	chr17-28991477-28994167
2.31564285374813e-15	1.39106865407895	0.155	0.058	1.08517739490913e-09	C1	chr22-41499602-41500194
5.16313285040503e-15	1.23003301589316	0.168	0.07	2.41959378455246e-09	C1	chr19-40280238-40280983
1.26452735727848e-14	1.63934861308063	0.171	0.053	5.92594190914057e-09	C1	chr5-1222702-1223539
1.92793277760151e-14	1.63072622888795	0.133	0.042	9.03485209634617e-09	C1	chr5-133801333-133802726
1.94649955352005e-14	1.07517830494372	0.287	0.132	9.12186139266547e-09	C1	chr11-2758973-2762026
1.96358091185035e-14	1.36786813512055	0.192	0.074	9.20190959139517e-09	C1	chr7-50676647-50677473
3.16461435921348e-14	1.54252814527237	0.153	0.051	1.48303006254385e-08	C1	chr13-100523394-100524429
3.21439579580516e-14	1.32210412776547	0.146	0.057	1.50635908739238e-08	C1	chr2-117916913-117918012
4.29382215847073e-14	1.41337887771819	0.195	0.072	2.01220958430198e-08	C1	chr7-99975321-99976577
5.78323840746719e-14	1.68855031277782	0.119	0.036	2.71019323165294e-08	C1	chr10-119665896-119666375
5.90838895861196e-14	1.20379649327632	0.14	0.059	2.76884240928536e-08	C1	chr3-61221043-61222707
6.75896193979897e-14	1.32514109858505	0.164	0.064	3.16744557488605e-08	C1	chr16-4209483-4210073
9.17837653387771e-14	1.34874244398149	0.162	0.062	4.30125341669458e-08	C1	chr6-31377177-31379027
9.402579260362e-14	1.79802489556996	0.103	0.029	4.40632131620419e-08	C1	chr9-34342909-34343970
1.09318372168211e-13	0.947795678475845	0.201	0.103	5.12297594308167e-08	C1	chr11-62479644-62481244
1.15180140169305e-13	1.31958772923037	0.199	0.077	5.39767539074015e-08	C1	chr1-43279053-43280046
1.24550579496148e-13	1.3087405760942	0.146	0.057	5.83680135187004e-08	C1	chr7-4151746-4152527
1.81108221261119e-13	0.86004407843015	0.336	0.179	8.48725646213769e-08	C1	chr7-131933681-131935404
1.96741019619824e-13	1.58128641709669	0.14	0.045	9.21985472834185e-08	C1	chr13-97583456-97584598
1.97855502824812e-13	1.61345964096783	0.181	0.058	9.27208264332886e-08	C1	chr8-139969819-139971560
2.307434182239e-13	0.900477643674982	0.28	0.145	1.08133057338848e-07	C1	chr7-134354985-134356408
2.49974868348722e-13	0.897844681454067	0.251	0.134	1.17145472579393e-07	C1	chr16-22352877-22354647
3.10314991808471e-13	1.90623763041292	0.133	0.036	1.45422604296212e-07	C1	chr17-7038999-7039320
4.61700254406905e-13	1.29245137438825	0.146	0.059	2.16366128522453e-07	C1	chr4-176306880-176309493
4.96984671463091e-13	1.24225664480524	0.177	0.073	2.32901429603077e-07	C1	chr5-73183120-73184073
5.82967950693983e-13	1.20711341505728	0.114	0.048	2.73195687765771e-07	C1	chr7-56028934-56029637
6.49490889457831e-13	1.27753630162024	0.111	0.045	3.04370266035734e-07	C1	chr22-17731912-17732722
7.5437967820718e-13	1.66543818108859	0.134	0.041	3.53524194218553e-07	C1	chr11-65357776-65358371
7.6045183908529e-13	1.23699640429856	0.145	0.06	3.563697848987e-07	C1	chr20-44393993-44395182
8.6879759538965e-13	1.53127349731531	0.122	0.042	4.07143748329856e-07	C1	chr19-19274408-19275458
9.29776992626693e-13	0.933718142215392	0.249	0.128	4.35720462277654e-07	C1	chr6-158751206-158752957
1.40205550564547e-12	1.51014000463398	0.221	0.078	6.5704386955513e-07	C1	chr7-30932374-30933021
1.52717541951244e-12	0.984856724378532	0.174	0.084	7.15678689670693e-07	C1	chr5-172077735-172079321
1.93114894075919e-12	1.8424010034139	0.124	0.034	9.0499239695904e-07	C1	chr2-118603883-118605464
2.32383602427729e-12	1.50682080262422	0.107	0.036	1.08901695222104e-06	C1	chr7-197576-197830
2.45185415331211e-12	0.656057482273243	0.367	0.226	1.1490099600125e-06	C1	chr10-86162765-86164797
2.7717227303699e-12	1.17967527346056	0.243	0.106	1.29890965141051e-06	C1	chr9-110281769-110284753
2.94975909072613e-12	1.55175141254561	0.186	0.063	1.3823426529279e-06	C1	chr6-168087724-168088938
3.01949386514088e-12	1.41838577645171	0.153	0.056	1.4150223905271e-06	C1	chr1-222794417-222795696
3.43666925114185e-12	1.60835509422983	0.147	0.048	1.61052287449335e-06	C1	chr11-409234-410264
3.77800874849576e-12	1.78188558250409	0.121	0.034	1.77048446179882e-06	C1	chr1-204146964-204147229
3.79085096979367e-12	1.07110928813078	0.259	0.121	1.77650269912344e-06	C1	chr10-71637690-71639439
4.87837992088207e-12	1.35620702231317	0.172	0.065	2.28615030394304e-06	C1	chr16-22613821-22615323
6.70913207902641e-12	1.04692701309418	0.21	0.098	3.14409385706207e-06	C1	chr16-79722486-79724137
6.96010438443449e-12	1.44172330141618	0.197	0.071	3.26170675757315e-06	C1	chr5-136227411-136229001
7.40478156895015e-12	1.44399980520929	0.141	0.05	3.47009538187554e-06	C1	chr13-81318901-81320164
8.50053335865954e-12	1.63389942149941	0.142	0.045	3.98359644733526e-06	C1	chr20-6043865-6044705
9.28680279978913e-12	1.37582480421707	0.133	0.051	4.35206510926238e-06	C1	chr9-38385437-38386604
1.06454564891835e-11	0.911444634560078	0.213	0.11	4.9887696290696e-06	C1	chr11-86939563-86942255
1.06664010935663e-11	0.837929162782062	0.176	0.095	4.99858487807686e-06	C1	chr5-1101981-1102792
1.09980473111442e-11	0.96134689731455	0.172	0.085	5.1540039133742e-06	C1	chr5-173883384-173883906
1.23433080783756e-11	1.66104682026285	0.124	0.038	5.7844321214611e-06	C1	chr2-237822-239342
1.35900271215843e-11	1.29230245215091	0.126	0.051	6.36868081996093e-06	C1	chr2-77838438-77840219
1.44793359488106e-11	1.48074832929389	0.118	0.041	6.78543672635518e-06	C1	chr2-198691610-198693675
1.54055599631435e-11	1.38623165844159	0.147	0.055	7.21949215996796e-06	C1	chr1-155300582-155301392
1.6875942451373e-11	1.20085896937254	0.116	0.049	7.90855603504449e-06	C1	chr15-22227702-22228637
1.76524630049932e-11	1.35079972746416	0.224	0.087	8.27245608556696e-06	C1	chr19-30663929-30665090
1.80121226725855e-11	1.28161351562237	0.141	0.057	8.44100303593106e-06	C1	chr6-134502421-134504061
1.87109441311485e-11	1.05812839374368	0.148	0.071	8.76849103723598e-06	C1	chr7-30931189-30932187
2.17475097328288e-11	1.32227182406353	0.112	0.042	1.01915137385858e-05	C1	chr1-21559349-21560370
2.34446057616333e-11	0.997264659550412	0.231	0.111	1.09868221534685e-05	C1	chr5-174189138-174190519
2.54788171540428e-11	1.19057228922445	0.174	0.076	1.19401126040819e-05	C1	chr3-100352198-100353675
2.74028859611202e-11	1.3863911720464	0.132	0.049	1.28417870450738e-05	C1	chr10-28873430-28874372
3.31928238501941e-11	1.25209091421848	0.212	0.087	1.55551198480926e-05	C1	chr7-2623042-2623826
3.34192542147703e-11	1.20497928484648	0.152	0.065	1.56612316834136e-05	C1	chr17-18900378-18901948
4.31372892241693e-11	0.855740566036928	0.232	0.125	2.02153847118332e-05	C1	chr3-141235649-141236113
5.58583240777604e-11	1.42345896975355	0.128	0.047	2.61768305542368e-05	C1	chr15-84824129-84824624
5.58729799117683e-11	0.970023494569669	0.194	0.098	2.61836987030721e-05	C1	chr16-10915419-10916426
5.64536807234123e-11	1.03039476713867	0.37	0.181	2.6455831943732e-05	C1	chr5-1208642-1209753
7.15389024499439e-11	0.953518323848317	0.315	0.16	3.35252043162148e-05	C1	chr1-208058015-208059952
8.37827767722573e-11	1.18935168384761	0.19	0.082	3.92630388960062e-05	C1	chr22-24180772-24181605
8.77610018900001e-11	1.35480887168737	0.201	0.079	4.11273505547089e-05	C1	chr6-817497-819571
9.41014665039788e-11	0.557200068171678	0.426	0.284	4.40986761462931e-05	C1	chr7-41942172-41944074
1.01867012744799e-10	1.27503269897303	0.114	0.046	4.77378363155825e-05	C1	chr5-95799134-95799750
1.10333469825607e-10	1.2680339982179	0.105	0.042	5.17054636309042e-05	C1	chr9-14282646-14283896
1.17007345080194e-10	1.57928605632239	0.134	0.045	5.48330351175862e-05	C1	chr12-48690303-48691350
1.2069238466926e-10	0.984766469318727	0.159	0.079	5.65599515351707e-05	C1	chr7-108589143-108590861
1.34709432634143e-10	1.2079585587395	0.184	0.077	6.31287467059059e-05	C1	chr14-64947664-64948819
1.36569895202437e-10	1.45634021902173	0.118	0.042	6.40006134188227e-05	C1	chr22-31989644-31991351
1.47505060901411e-10	0.975655804447759	0.152	0.075	6.91251491851673e-05	C1	chr2-120257558-120258586
1.65536158699552e-10	1.08838543342493	0.214	0.099	7.75750445152121e-05	C1	chr3-194034206-194036023
1.69839956880269e-10	0.988968248083037	0.2	0.098	7.95919291528438e-05	C1	chr6-39281149-39281933
1.77249169784115e-10	1.18642744129128	0.199	0.086	8.30641011867601e-05	C1	chr15-78933499-78934854
1.83418505441696e-10	1.2875202191978	0.244	0.099	8.59552307866365e-05	C1	chr6-25980974-25982527
1.88328585422745e-10	1.32214968116541	0.132	0.052	8.82562366580756e-05	C1	chr1-114261771-114263621
2.13226920534922e-10	1.04685296279972	0.235	0.111	9.992431854336e-05	C1	chr7-50558239-50559467
2.15834701092275e-10	1.10970174893004	0.158	0.07	0.000101146400138172	C1	chr22-41247404-41248575
2.37952491960546e-10	1.42035465659693	0.105	0.038	0.000111511438354979	C1	chr16-4618968-4619369
2.47139447593015e-10	0.918555323167013	0.244	0.125	0.000115816712186067	C1	chr16-71625144-71627288
2.79620707707431e-10	0.634672313131954	0.212	0.13	0.000131038372632226	C1	chr11-116834863-116836522
3.59263503991241e-10	0.932419111976397	0.194	0.098	0.000168361296611911	C1	chr7-55395320-55396712
3.72051631507624e-10	1.05210546036301	0.157	0.073	0.000174354184021786	C1	chr7-123198152-123200365
3.84019214864926e-10	1.05113201143908	0.143	0.068	0.000179962540642935	C1	chr10-128156732-128157850
4.40973602953743e-10	1.1192545230052	0.111	0.048	0.00020665301857861	C1	chr20-60033127-60034844
4.5258429854296e-10	1.12435089257173	0.109	0.049	0.000212094127241889	C1	chr9-108743351-108744534
4.59301398135229e-10	0.499194057657627	0.405	0.282	0.000215241954906714	C1	chr7-51315323-51317562
4.69715140426917e-10	1.32730103668477	0.137	0.054	0.000220122136543126	C1	chr9-72012206-72013789
4.83116036983945e-10	1.56265381284088	0.123	0.04	0.000226402185295749	C1	chr16-12437347-12438332
4.937886155045e-10	1.27465054380486	0.124	0.05	0.000231403665095259	C1	chr7-113463575-113464959
5.13681764514383e-10	0.788492348615993	0.264	0.146	0.000240726171622611	C1	chr16-87506259-87509077
5.32803247420122e-10	1.00859800225967	0.129	0.062	0.000249687053035244	C1	chr5-78981291-78981746
5.33497194640938e-10	1.56446892659651	0.123	0.041	0.000250012256827388	C1	chr16-72041800-72043581
5.48944140114523e-10	1.56350779345346	0.121	0.04	0.000257251143437729	C1	chr1-6885448-6886079
5.49685745035015e-10	1.46745647276133	0.119	0.042	0.000257598681010014	C1	chr15-50168186-50169444
5.76275103821252e-10	1.08612405373451	0.135	0.063	0.00027005922562865	C1	chr5-159912183-159912923
6.28053396968018e-10	1.11630185750056	0.163	0.074	0.000294324035367725	C1	chr19-19110223-19111422
6.41880964650481e-10	1.04813064198457	0.157	0.075	0.00030080403458319	C1	chr10-379050-380955
6.96822544341952e-10	1.58280801603028	0.122	0.04	0.000326551252132424	C1	chr12-109009322-109010663
6.97020418270031e-10	1.11972095922676	0.204	0.093	0.000326643981593466	C1	chr2-15874326-15876269
7.1830859873247e-10	0.533656337376979	0.317	0.212	0.000336620240315399	C1	chr22-50620002-50623248
8.16203861727837e-10	1.35449270667135	0.219	0.085	0.000382496799517655	C1	chr6-41584624-41585477
8.52593158930629e-10	1.33193269385687	0.134	0.051	0.000399549879476502	C1	chr5-169538166-169539342
8.53349913068321e-10	1.07846536577764	0.129	0.06	0.000399904516411294	C1	chr1-21338715-21339448
9.39476862963374e-10	0.798023238557293	0.126	0.07	0.000440266102813663	C1	chr20-20399233-20400444
9.93812478295018e-10	0.828813709226736	0.148	0.079	0.000465729347890916	C1	chr8-50377747-50379616
1.04923609306514e-09	0.761411979721832	0.239	0.136	0.000491702461057024	C1	chr20-57589797-57590245
1.06368832552792e-09	1.60490234830389	0.18	0.058	0.000498475196303822	C1	chr11-62999489-63000399
1.10880661046021e-09	1.09529940739544	0.119	0.054	0.000519618933053356	C1	chr12-105322144-105322384
1.11319758449979e-09	1.16162400046637	0.15	0.066	0.000521676670826554	C1	chr2-240873917-240874507
1.20780971020886e-09	1.23433959135285	0.124	0.05	0.000566014656685467	C1	chr7-2621985-2622835
1.21911019950298e-09	1.03566191968685	0.169	0.08	0.000571310393682882	C1	chr3-185313386-185314201
1.22387345018263e-09	1.05617582306296	0.164	0.075	0.000573542591085636	C1	chr1-6450850-6451909
1.30513697978615e-09	0.666358520141874	0.302	0.188	0.000611625037700206	C1	chr7-944838-946901
1.30776346314949e-09	0.786697491483655	0.29	0.167	0.00061285588397228	C1	chr20-62069203-62070627
1.40121719003641e-09	1.00051056652871	0.168	0.082	0.000656651010549573	C1	chr7-152084804-152085896
1.41735282917337e-09	0.994321676114033	0.139	0.067	0.000664212638982689	C1	chr17-76567422-76568399
1.54949839737509e-09	0.896065190439394	0.169	0.086	0.000726139884463491	C1	chr17-45934444-45936023
1.57004325461208e-09	1.64400990950421	0.12	0.037	0.000735767800365605	C1	chr3-128605034-128605594
1.59993077659613e-09	1.09978679582636	0.189	0.086	0.000749773959905466	C1	chr1-183859439-183860607
1.68130314488392e-09	1.48661018009175	0.123	0.043	0.000787907411483805	C1	chr1-65158437-65159570
1.93656692777238e-09	1.7848726526729	0.101	0.029	0.000907531422795044	C1	chr20-49823133-49824172
2.25253070092039e-09	0.969835105705452	0.154	0.077	0.00105560120984162	C1	chr2-108978672-108980354
2.46423683824028e-09	1.11333723401141	0.208	0.093	0.00115481284526771	C1	chr2-169385535-169387510
2.59030230028371e-09	1.12595857069937	0.155	0.069	0.00121389077667965	C1	chr12-109578385-109578935
2.72590594704577e-09	0.8301179715505	0.152	0.083	0.00127743857805811	C1	chr5-38483486-38484343
2.99451476147352e-09	1.78288133625166	0.101	0.029	0.00140331645815457	C1	chr1-202856882-202857573
3.05687296240996e-09	1.07368924493596	0.144	0.066	0.00143253931950122	C1	chr10-660686-661936
3.15494381559004e-09	0.91486181081366	0.118	0.06	0.00147849816535614	C1	chr11-48101282-48102307
3.24062886751823e-09	0.945710929218237	0.115	0.059	0.0015186526655562	C1	chr7-125456618-125457082
3.40334439347892e-09	1.06116654536806	0.211	0.098	0.00159490587977163	C1	chr22-23674830-23676376
3.70342707831411e-09	0.579245958292904	0.442	0.295	0.00173553332828326	C1	chr7-143284260-143285715
3.76587957388395e-09	0.868553998965451	0.132	0.071	0.00176480037882966	C1	chr1-43448250-43448667
3.90530950669786e-09	0.817728418495089	0.253	0.138	0.00183014128881431	C1	chr2-2528117-2529397
4.10373264033039e-09	1.50594376097408	0.134	0.046	0.00192312812350539	C1	chr1-202186916-202187615
4.18979622371052e-09	1.15884152242324	0.126	0.056	0.00196346001452124	C1	chr6-7042076-7043368
4.23583641151929e-09	0.810924045114899	0.31	0.173	0.00198503578169388	C1	chr2-73685445-73687181
4.33102393026488e-09	0.61135589009506	0.277	0.177	0.0020296434134161	C1	chr5-134017873-134020016
4.50521662838562e-09	1.23439338361682	0.126	0.052	0.00211127516334372	C1	chr6-51936202-51937570
4.551168404446e-09	1.1947561065362	0.173	0.075	0.00213280949820712	C1	chr17-27460082-27460876
4.59300418261767e-09	1.46933463616711	0.101	0.036	0.00215241495709594	C1	chr18-52069613-52070861
4.685142635363e-09	1.4757474550423	0.145	0.051	0.00219559370806753	C1	chr8-131581321-131583492
4.91837207012989e-09	1.36955996245382	0.11	0.042	0.0023048917848529	C1	chr7-30797109-30797838
4.98119647431349e-09	1.41925478400861	0.132	0.049	0.00233433312256106	C1	chr16-67726198-67726986
5.13641341477206e-09	0.788947224959971	0.292	0.162	0.00240707228215121	C1	chr19-3478127-3480829
5.39060024977191e-09	1.12345548259315	0.12	0.053	0.00252619160445036	C1	chr1-177912969-177914114
5.52353760700195e-09	0.954668733427706	0.136	0.066	0.00258848990523171	C1	chr3-122294085-122296316
5.84845468397901e-09	0.932032712945929	0.245	0.125	0.0027407554700984	C1	chr7-73647114-73648502
6.05007200034275e-09	1.27221172373142	0.151	0.061	0.00283523919144862	C1	chr22-41475711-41476308
6.30223657780807e-09	0.922543609415813	0.222	0.114	0.00295341082522162	C1	chr1-203282050-203283280
6.61685613567444e-09	0.875807467578431	0.145	0.076	0.00310085067400498	C1	chr6-167675848-167676556
6.65272442704336e-09	1.2706848382865	0.189	0.076	0.0031176595955209	C1	chr22-25183555-25184482
7.06586346460751e-09	1.17021758538667	0.186	0.082	0.00331126852955555	C1	chr12-107911869-107913041
7.588659301417e-09	0.885497827585856	0.177	0.093	0.00355626581976375	C1	chr22-19970117-19971918
8.51170214662182e-09	1.26983120576837	0.109	0.045	0.00398883046526924	C1	chr12-68467411-68468502
8.84615368749479e-09	0.850639893011406	0.262	0.143	0.004145564156417	C1	chr19-14061101-14062726
9.38256616345599e-09	1.0287362114471	0.171	0.081	0.00439694259861422	C1	chr19-35811649-35813194
1.0150919376126e-08	1.79428857874333	0.11	0.031	0.00475701519631457	C1	chr6-109305585-109307145
1.01787785630884e-08	1.11682560063461	0.133	0.06	0.00477007081924157	C1	chr10-681675-682294
1.02633877537195e-08	0.93217618126058	0.111	0.055	0.00480972113963781	C1	chr17-63476328-63478033
1.04228879335938e-08	0.934572836454759	0.159	0.081	0.00488446754943212	C1	chr5-139383264-139383539
1.06464664949716e-08	0.829234416183589	0.241	0.13	0.00498924294707203	C1	chr17-50914603-50915523
1.09999815758257e-08	0.679902560011554	0.179	0.109	0.00515491036589762	C1	chr8-104460147-104460915
1.12693151067513e-08	0.985935868011386	0.179	0.09	0.00528112786916176	C1	chr7-151696754-151697399
1.1492658070925e-08	1.06401911992571	0.164	0.076	0.00538579285911951	C1	chr6-967266-969569
1.2170455194244e-08	1.5532226692599	0.101	0.033	0.00570342824722338	C1	chr3-135033730-135035141
1.22697781290228e-08	1.01647432172793	0.127	0.062	0.00574997385482581	C1	chr13-76954627-76955971
1.23604312324041e-08	0.847169808512011	0.135	0.073	0.00579245652801028	C1	chr17-14756178-14757076
1.24554079348815e-08	0.815695248982362	0.187	0.103	0.0058369653651156	C1	chr19-32869397-32870583
1.26949591304861e-08	1.41817889296091	0.1	0.037	0.00594922600236058	C1	chr5-140542352-140543316
1.30029286254476e-08	1.03578819065291	0.13	0.061	0.0060935494388149	C1	chr12-94569767-94572046
1.30217507054825e-08	1.3033797485861	0.127	0.051	0.00610237001135957	C1	chr16-46885617-46886447
1.31464458354562e-08	0.986867118509839	0.114	0.055	0.006160805765424	C1	chr10-71757280-71757853
1.36952445258244e-08	0.948669059392749	0.158	0.08	0.00641798874689255	C1	chr11-44834244-44835614
1.49080698365815e-08	1.05971984175825	0.144	0.069	0.00698635385944734	C1	chr1-151012911-151013887
1.65533562944466e-08	1.21965776172054	0.147	0.063	0.00775738280691022	C1	chr2-109521276-109522506
1.72718504678809e-08	1.27866095465355	0.12	0.049	0.00809409001291256	C1	chr2-85650596-85651636
1.76934809960108e-08	0.639532270247447	0.167	0.103	0.00829167830567953	C1	chr1-180261250-180262402
1.78953862228157e-08	1.08710444775517	0.156	0.07	0.00838629695021191	C1	chr1-230728574-230729797
1.91410352617622e-08	0.567966103361252	0.281	0.183	0.00897004421368437	C1	chr18-6369934-6371628
1.97687752215268e-08	1.15912235977539	0.143	0.063	0.0092642213632889	C1	chr7-115968106-115968915
2.16576562181803e-08	1.07219781142613	0.122	0.056	0.0101494057758696	C1	chr7-133548431-133549861
2.17193064213927e-08	0.851131335181525	0.108	0.06	0.0101782968489508	C1	chr20-1623617-1625035
2.22386377862919e-08	1.13476036801446	0.177	0.078	0.0104216705871522	C1	chr2-127161130-127162427
2.24287185650023e-08	0.552254038827759	0.254	0.168	0.0105107479523985	C1	chr1-67815391-67816824
2.24613296652098e-08	0.824254534457602	0.179	0.095	0.0105260304596776	C1	chr16-85974447-85976048
2.28462164615047e-08	0.79118526354441	0.183	0.103	0.0107063995741385	C1	chr11-47189059-47189752
2.29516313931936e-08	0.848132579892183	0.276	0.151	0.0107558000681609	C1	chr2-86079612-86081087
2.32015949687038e-08	1.24329787671371	0.141	0.057	0.0108729402485887	C1	chr22-47101373-47103448
2.34558120943057e-08	0.631017179819854	0.191	0.118	0.0109920737659424	C1	chr1-26224733-26226255
2.39898753217116e-08	1.01870254968141	0.108	0.051	0.0112423512821384	C1	chr10-59804359-59805376
2.40351361866331e-08	1.57101307061468	0.117	0.038	0.0112635618360057	C1	chr12-70179740-70180550
2.49900674591367e-08	1.39859641519626	0.113	0.042	0.0117110703233078	C1	chr5-35023214-35024374
2.50784645748799e-08	1.05363148962474	0.122	0.057	0.0117524957752614	C1	chr20-36150843-36151222
2.50796139489904e-08	1.29658086956634	0.168	0.067	0.0117530344053014	C1	chr17-45137653-45138272
2.51687074045682e-08	1.07160005489838	0.11	0.05	0.0117947861822954	C1	chr5-154301697-154302722
2.54289374959341e-08	1.13898726964182	0.182	0.08	0.0119167375497821	C1	chr2-109690335-109691690
2.57408110852755e-08	1.07155185778888	0.15	0.068	0.0120628905580816	C1	chr5-135608393-135609717
2.60137426566593e-08	0.520545673906066	0.181	0.122	0.0121907942074476	C1	chr10-58813336-58814193
2.6184430092897e-08	0.776204639597162	0.232	0.133	0.0122707832900042	C1	chr5-169090975-169092090
2.66787115307756e-08	0.598598576596697	0.264	0.166	0.0125024179059558	C1	chr12-3259628-3260690
2.69138459343983e-08	1.24412977517585	0.135	0.056	0.0126126087063912	C1	chr7-103151037-103151420
2.7828517624112e-08	0.968977062897843	0.208	0.103	0.01304125038567	C1	chr12-80218816-80219990
2.82571462877163e-08	1.15631191039219	0.183	0.081	0.0132421182076662	C1	chr12-50104691-50105243
2.82674005551864e-08	1.31635532866533	0.171	0.067	0.0132469236547765	C1	chr12-6359887-6360724
2.86052809685188e-08	1.4023518821511	0.139	0.052	0.013405264214996	C1	chr7-5552748-5553039
2.86991903012926e-08	1.02111492979004	0.139	0.066	0.0134492728517044	C1	chr6-43297479-43298621
2.95714105462886e-08	0.957539175974229	0.236	0.118	0.0138580205528967	C1	chr11-65793196-65795098
3.12282275910471e-08	0.953839242023963	0.123	0.061	0.0146344530677648	C1	chr19-34305269-34307292
3.13298214024122e-08	1.47247144250897	0.121	0.042	0.014682062873991	C1	chr7-150845157-150846751
3.28732579253723e-08	1.19516578487634	0.163	0.07	0.0154053619883093	C1	chr20-38913152-38914109
3.36503544456645e-08	1.00631429110493	0.233	0.113	0.0157695319535173	C1	chr16-86118021-86119264
3.44136513971665e-08	0.439779966937854	0.434	0.309	0.0161272350406027	C1	chr5-149160127-149161721
3.72611737871231e-08	1.14069271325318	0.255	0.112	0.0174616666106857	C1	chr2-127136441-127138752
3.74816409298165e-08	1.02643783528545	0.277	0.133	0.017564983907299	C1	chr12-56229860-56231602
3.76465261242138e-08	0.688844313734886	0.238	0.142	0.0176422538910642	C1	chr10-22778768-22781187
3.90720980691605e-08	1.34582004673408	0.13	0.05	0.0183103182460526	C1	chr1-147896806-147898165
3.95007109233879e-08	1.08721925940406	0.194	0.09	0.0185111786593164	C1	chr22-43925173-43926306
3.95992352426321e-08	0.714103015404286	0.252	0.147	0.0185573500125195	C1	chr1-43284578-43286646
4.00764104089882e-08	1.37869042748881	0.118	0.044	0.0187809681335537	C1	chr7-116614083-116615355
4.03078405783248e-08	1.41424292453766	0.106	0.038	0.0188894230223798	C1	chr7-28055683-28056815
4.08660094768932e-08	0.840471065232797	0.138	0.075	0.019150997155147	C1	chr20-50678100-50678752
4.14561691774145e-08	0.964007686530044	0.16	0.08	0.0194275631054426	C1	chr3-171676140-171677118
4.29249002563772e-08	0.893853936062766	0.239	0.125	0.0201158530822458	C1	chr8-22219631-22221245
4.29863597462429e-08	1.39183433647571	0.115	0.043	0.0201446547815221	C1	chr12-64997927-64999638
4.42805001039411e-08	0.943433239594994	0.168	0.084	0.0207511264832098	C1	chr20-38245460-38247486
4.50518086596893e-08	1.13295739195265	0.108	0.047	0.0211125840403815	C1	chr15-60888683-60889815
4.55842339696508e-08	0.704276157609083	0.324	0.192	0.0213620939809635	C1	chr8-139744265-139746190
4.6539797237108e-08	1.15357819724737	0.185	0.082	0.0218098986394287	C1	chr11-46348482-46349446
4.78902915553218e-08	1.17884724855914	0.142	0.06	0.0224427794412789	C1	chr11-7260304-7262482
4.88720323652543e-08	1.2088893482453	0.155	0.064	0.0229028516552968	C1	chr5-141841339-141842118
5.19208919344021e-08	1.01725993571165	0.118	0.056	0.0243316356663269	C1	chr5-34727520-34728680
5.4426113539963e-08	1.38705821096689	0.107	0.04	0.0255056551621193	C1	chr5-149048514-149049994
5.44729778732501e-08	0.632935725875515	0.172	0.105	0.0255276171477633	C1	chr1-47962476-47964299
5.58651801947819e-08	0.841523198137056	0.195	0.108	0.0261800435295004	C1	chr5-179680754-179681535
5.79397120099334e-08	1.75427199984161	0.105	0.03	0.0271522292995031	C1	chr16-81783941-81784583
5.927445504243e-08	0.918909728584776	0.118	0.061	0.0277777285920789	C1	chr10-70227267-70228382
6.09217026610744e-08	0.794482645841002	0.261	0.147	0.0285496765963566	C1	chr2-74429409-74430662
6.50523974967289e-08	1.03954964548351	0.214	0.102	0.0304854399864946	C1	chr22-50699799-50700718
6.51437728334332e-08	1.27979414714649	0.103	0.041	0.030528261119159	C1	chr12-50117259-50117740
6.65002745104361e-08	1.16090222011193	0.146	0.063	0.0311639571435511	C1	chr2-127535178-127536592
6.7028333713718e-08	0.904983955768924	0.166	0.087	0.0314114209999259	C1	chr4-6929379-6930398
7.20813704093509e-08	0.661503265923053	0.197	0.12	0.0337794205335637	C1	chr17-50627813-50628484
7.38508491700906e-08	0.977978129012101	0.14	0.07	0.0346086495957304	C1	chr5-150542693-150543384
7.51122805633581e-08	0.459226934868936	0.356	0.248	0.0351997929281259	C1	chr1-119630811-119632696
7.54219508966255e-08	0.67144479855368	0.14	0.085	0.0353449134267347	C1	chr6-134222997-134224921
7.8284952672186e-08	0.931297857507218	0.254	0.131	0.0366865990858138	C1	chr12-119681012-119681505
8.02954220579933e-08	1.24860131217363	0.12	0.049	0.0376287633436153	C1	chr11-132813491-132815625
8.4421596811344e-08	0.909872771222568	0.242	0.125	0.0395624084921033	C1	chr16-13779651-13782417
8.68589332833688e-08	0.698806561866436	0.138	0.083	0.0407046150456518	C1	chr13-23615419-23616047
8.90051036314616e-08	1.53099530298777	0.105	0.036	0.0417103727097082	C1	chr16-54347614-54348316
9.02357919712329e-08	0.852851976357046	0.188	0.103	0.0422871089556869	C1	chr12-2266691-2267887
9.14013053618361e-08	1.56429573097068	0.129	0.042	0.0428333023304119	C1	chr15-48109704-48112726
9.14052582845635e-08	1.02398254469455	0.153	0.073	0.0428351547846367	C1	chr12-109832742-109833773
9.49770204789546e-08	0.963042171579167	0.219	0.111	0.044508986130032	C1	chr16-75423302-75424761
9.69780767367216e-08	0.593745625967438	0.137	0.088	0.0454467391230531	C1	chr4-169143068-169144314
9.72847530737477e-08	1.20593657209777	0.111	0.047	0.0455904565481973	C1	chr7-66535357-66536384
9.81024220223977e-08	1.10277119938317	0.1	0.046	0.0459736399299342	C1	chr16-13766047-13767560
9.9350510657853e-08	1.68560004136712	0.111	0.034	0.046558530459079	C1	chr5-31711179-31712559
2.50235630878354e-21	1.94942330300667	0.118	0.031	1.17267673462892e-15	C2	chr2-207393942-207395819
8.46564725541999e-19	1.17672359925662	0.258	0.114	3.96724780766022e-13	C2	chr8-143948339-143948874
2.06939270655742e-18	1.56913236464714	0.147	0.049	9.69777434681295e-13	C2	chr1-17167671-17168762
5.20594641069783e-18	1.52015036338336	0.234	0.083	2.43965746049891e-12	C2	chr1-235910209-235911014
7.57066374579251e-18	1.03632746394602	0.259	0.125	3.547832580527e-12	C2	chr2-236641961-236643691
2.51528236900587e-17	0.967181566241046	0.194	0.101	1.17873426130485e-11	C2	chr1-119000988-119002614
6.83897734711595e-17	1.31277755379931	0.151	0.062	3.2049431152016e-11	C2	chr16-88245028-88246074
8.69210686414055e-17	1.66721938315178	0.149	0.047	4.07337334763532e-11	C2	chr12-65631313-65632683
3.17223614779512e-16	1.32573286617276	0.188	0.076	1.48660185370508e-10	C2	chr1-235010844-235013036
3.20040277000425e-16	0.954883356849716	0.269	0.139	1.49980154970432e-10	C2	chr20-41002826-41004170
5.36674530142058e-16	1.3500319657713	0.167	0.065	2.51501248385942e-10	C2	chrX-150200340-150201672
1.78785747922386e-15	1.62676985022573	0.13	0.042	8.37841862631197e-10	C2	chr10-33128777-33130291
2.29060312255683e-15	0.957830012556921	0.287	0.149	1.07344305072068e-09	C2	chr4-1043322-1044498
2.63932530337316e-15	1.67726407807463	0.169	0.052	1.23686437759446e-09	C2	chr12-92592728-92594548
2.91259038976003e-15	1.01485926934055	0.265	0.132	1.36492432176285e-09	C2	chr7-139915586-139917473
3.06520627661825e-15	1.08053905008826	0.222	0.106	1.43644455220534e-09	C2	chr7-151038647-151040280
3.20966203700171e-15	1.22152551585623	0.191	0.082	1.50414071073807e-09	C2	chr5-136057408-136059120
3.244280368775e-15	1.55119932127497	0.132	0.046	1.52036386493866e-09	C2	chr14-50037853-50039201
4.4634337192276e-15	1.30531151367223	0.191	0.077	2.09169448040791e-09	C2	chr20-25237393-25238251
4.69460771632558e-15	1.25379475155369	0.207	0.086	2.20002931949394e-09	C2	chr22-30205195-30206157
5.39981226925273e-15	1.50212783081221	0.174	0.062	2.53050862392764e-09	C2	chr10-122468347-122469699
6.42128306559048e-15	0.970834155262894	0.225	0.117	3.0091994617446e-09	C2	chr6-82143424-82145335
7.10091051289291e-15	1.6022768030503	0.125	0.042	3.32769259274649e-09	C2	chr12-12901045-12902223
1.25224129202495e-14	1.57875109127644	0.153	0.053	5.86836584440358e-09	C2	chr5-180330427-180331552
1.29274376656377e-14	1.19773180398077	0.199	0.087	6.05817218581014e-09	C2	chr12-13346824-13348104
1.43174304887092e-14	1.12277136117895	0.269	0.127	6.70956313249331e-09	C2	chr11-12286762-12288854
1.43711275811556e-14	1.35558616917805	0.153	0.061	6.73472714722935e-09	C2	chr15-70492091-70493592
1.61685628207918e-14	1.48714343662397	0.163	0.06	7.57705742614482e-09	C2	chr2-33069089-33070988
3.50941002444705e-14	1.73702749438328	0.168	0.052	1.6446113103466e-08	C2	chr12-107514931-107516373
3.91647034038796e-14	1.54955107498755	0.146	0.05	1.83537157914567e-08	C2	chr1-225699664-225701151
5.23779410375743e-14	1.0714912402735	0.204	0.095	2.45458221304974e-08	C2	chr12-12397816-12398989
5.97801414811806e-14	0.915886824908781	0.252	0.134	2.80147079221842e-08	C2	chr7-116316521-116318045
6.29192536508535e-14	0.930246506244144	0.388	0.209	2.94857869191458e-08	C2	chr2-9702555-9704193
1.33194920333312e-13	0.727960108148218	0.267	0.163	6.24190023208794e-08	C2	chr1-223706969-223708211
1.37599806876225e-13	1.14917239380208	0.159	0.071	6.44832598965983e-08	C2	chr3-190585234-190587657
1.38290477551104e-13	1.6682370516649	0.171	0.054	6.48069282042961e-08	C2	chr11-13215786-13217101
1.51901765546459e-13	1.0628163333165	0.261	0.124	7.11855724862715e-08	C2	chr1-233112152-233113895
1.52481626378193e-13	0.923968058692072	0.281	0.154	7.14573120879862e-08	C2	chr7-130008655-130011257
2.890158254671e-13	1.23668890221434	0.194	0.082	1.35441197272822e-07	C2	chr2-119252274-119253298
3.25243514225078e-13	1.1374857792085	0.174	0.081	1.52418542827784e-07	C2	chr1-201295716-201296550
4.17544862103281e-13	0.916457249726891	0.2	0.106	1.95673631182599e-07	C2	chr19-3450534-3451857
5.63402533869167e-13	1.20851098974964	0.219	0.095	2.64026766044574e-07	C2	chr11-86743106-86744017
5.74641754835277e-13	1.36776283981266	0.13	0.05	2.69293790926701e-07	C2	chr20-40561097-40562569
6.21641405788533e-13	1.25947021699242	0.269	0.115	2.91319190353274e-07	C2	chr21-34807245-34809003
6.64908476518526e-13	1.0513202484933	0.159	0.077	3.11595394442401e-07	C2	chr11-64334827-64335392
6.8124228399704e-13	1.19108509073824	0.176	0.078	3.19249890307249e-07	C2	chr10-127990095-127992272
7.44744844452057e-13	1.35061674664681	0.138	0.054	3.49009031710723e-07	C2	chr12-30794699-30797214
9.68635635298285e-13	1.06446018612901	0.215	0.104	4.539307491342e-07	C2	chr4-121689613-121691117
1.07409073577655e-12	0.965400950713061	0.211	0.109	5.03350067416231e-07	C2	chr5-111746889-111748835
1.27219193423583e-12	1.0019967303741	0.21	0.104	5.96186033949004e-07	C2	chr1-235917022-235917848
1.29415349202802e-12	1.39320751994848	0.142	0.054	6.064778568156e-07	C2	chr7-140251629-140253908
1.51577019099684e-12	0.873628654691398	0.27	0.15	7.10333868836658e-07	C2	chr21-36429250-36430682
1.82209118716699e-12	1.27529635787969	0.148	0.062	8.53884770950877e-07	C2	chr5-59193654-59194949
1.92308811263754e-12	1.06920987305382	0.177	0.085	9.01214859137216e-07	C2	chr1-235882106-235884025
2.06533746932943e-12	1.24314823062757	0.191	0.082	9.67877032914382e-07	C2	chr5-177494090-177495804
2.48777510309798e-12	1.15200915835524	0.214	0.096	1.1658435587897e-06	C2	chr6-35369844-35371520
2.56013911824297e-12	1.42943285140648	0.135	0.05	1.19975543484308e-06	C2	chr10-78977687-78978270
2.74175641928877e-12	1.70729841543641	0.125	0.039	1.28486656901487e-06	C2	chr17-41403079-41404623
2.77078570347012e-12	0.636831876150761	0.428	0.282	1.2984705334315e-06	C2	chr20-62602407-62604588
3.81723139124348e-12	1.16253397182007	0.199	0.092	1.78886532964704e-06	C2	chr1-109820986-109822694
4.15074000310433e-12	1.03197323339408	0.264	0.131	1.94515713691478e-06	C2	chr5-139745109-139745677
4.77806186855296e-12	1.56697332097228	0.126	0.043	2.2391383553981e-06	C2	chr7-30168689-30169910
5.37145432996493e-12	1.44669840599551	0.147	0.054	2.51721927119713e-06	C2	chr3-188285418-188286497
5.38717039601528e-12	0.799087634940503	0.355	0.209	2.52458427551424e-06	C2	chr2-227817803-227819606
5.61824359743542e-12	1.77294931712197	0.107	0.031	2.63287187882256e-06	C2	chr2-119255543-119256393
5.92880844960727e-12	0.759516295794898	0.301	0.181	2.778411574931e-06	C2	chr5-150640008-150641665
5.98986074308864e-12	1.45070030474361	0.141	0.052	2.80702245017289e-06	C2	chr5-38871818-38872557
6.35274648808106e-12	0.868032215788928	0.255	0.14	2.97708123396294e-06	C2	chr3-141331126-141332437
6.94212367382236e-12	1.27235855100865	0.132	0.054	3.2532804751397e-06	C2	chr6-43923439-43924842
7.27563074760052e-12	1.12451230812313	0.193	0.086	3.40957156161729e-06	C2	chr17-47239493-47241199
9.47679973472732e-12	0.852125462816299	0.178	0.097	4.44110318288553e-06	C2	chr14-35365112-35366719
9.52075961394539e-12	1.00968751215909	0.16	0.078	4.46170405712361e-06	C2	chr11-132631871-132634342
1.11181590462445e-11	1.41537843044602	0.151	0.056	5.21029175568251e-06	C2	chr8-101158599-101159759
1.12973009378854e-11	0.943080751694339	0.23	0.121	5.29424284122032e-06	C2	chr5-132389419-132390081
1.21279938127704e-11	1.18810952453516	0.129	0.057	5.68352961248477e-06	C2	chr7-101717058-101719387
1.32088446257224e-11	1.59066447441702	0.11	0.036	6.19004764810767e-06	C2	chr17-50209360-50211148
1.36939941831682e-11	1.09400618544286	0.175	0.081	6.41740280006394e-06	C2	chr17-66275551-66276849
1.67777274546358e-11	0.900956197634091	0.214	0.114	7.86252963933852e-06	C2	chr7-130903458-130904671
1.71062946232692e-11	0.968577351331111	0.205	0.103	8.01650574300802e-06	C2	chr20-51446322-51447787
1.98922758772108e-11	1.53499486802969	0.122	0.042	9.32209735206144e-06	C2	chr9-130961709-130963447
2.06449905479077e-11	1.12750364612266	0.208	0.097	9.67484127547542e-06	C2	chr5-150316775-150317714
2.13052298906171e-11	1.25570320375049	0.118	0.049	9.98424857840999e-06	C2	chr4-38160156-38161705
2.25434585602626e-11	1.50784673929288	0.104	0.036	1.05645184416373e-05	C2	chr7-98801582-98802830
2.35353909142199e-11	1.52182207026915	0.118	0.041	1.102936670874e-05	C2	chr17-62824623-62825423
2.51206391537491e-11	1.30328622323994	0.209	0.087	1.17722600059823e-05	C2	chr7-80721330-80723211
2.52174706892554e-11	1.02532664529052	0.208	0.105	1.18176380716351e-05	C2	chr7-43646483-43649126
2.57643411733323e-11	0.989808894475259	0.214	0.107	1.20739174397175e-05	C2	chr8-141037275-141039261
3.05323990957384e-11	1.61278121548253	0.149	0.048	1.43083676558368e-05	C2	chr2-27719839-27720624
3.21664372499208e-11	0.974431498811771	0.27	0.139	1.50741253219931e-05	C2	chr15-71746661-71748827
3.40349113441254e-11	0.96016144191392	0.217	0.111	1.59497464682862e-05	C2	chr2-28583590-28584849
3.42728217756813e-11	1.3246245765405	0.141	0.056	1.60612381959158e-05	C2	chr2-9674942-9676464
3.65901566479448e-11	0.983482464089635	0.216	0.109	1.71472085197697e-05	C2	chr1-230083898-230084992
4.53915816179517e-11	1.27236910146104	0.199	0.082	2.12718115020391e-05	C2	chr1-233542966-233544912
4.87597099648936e-11	1.02347643003027	0.192	0.095	2.28502141211381e-05	C2	chr5-172777137-172778579
5.06594757334643e-11	1.01211642896458	0.176	0.087	2.37404994534976e-05	C2	chr14-93958990-93960115
5.47401101688856e-11	1.28854644363307	0.116	0.048	2.56528030883347e-05	C2	chr1-201456387-201457296
5.60942322600614e-11	1.81407297135646	0.115	0.033	2.62873839698003e-05	C2	chr6-161037850-161039188
5.67224347053889e-11	1.49614813493506	0.132	0.047	2.65817778535517e-05	C2	chr17-48971883-48972820
6.34817798617573e-11	1.18023803279881	0.176	0.079	2.97494030148355e-05	C2	chr5-177545456-177546874
6.96068335354438e-11	1.16932292476983	0.167	0.075	3.26197807928815e-05	C2	chr1-93701271-93703091
7.0120706108734e-11	1.47617552591639	0.161	0.058	3.28605963830299e-05	C2	chr20-57698011-57699593
7.1296681376697e-11	1.30781902638271	0.144	0.06	3.34116924968801e-05	C2	chr12-45415266-45415907
7.7450891311413e-11	0.95032038662468	0.227	0.118	3.62957337443761e-05	C2	chr1-68383797-68385563
8.35836529184963e-11	1.17759557535109	0.208	0.092	3.9169723683542e-05	C2	chr22-30195700-30197361
8.6145408090939e-11	1.12885300563816	0.109	0.049	4.03702364482486e-05	C2	chr15-70493765-70495160
8.83200769696581e-11	1.08020911172877	0.158	0.074	4.13893493502139e-05	C2	chr20-45418916-45420346
9.41090483552355e-11	1.04111105208834	0.151	0.072	4.41022292216656e-05	C2	chr12-116381677-116383582
1.0288790887613e-10	1.08971052483847	0.208	0.098	4.82162578487118e-05	C2	chr1-230113383-230114668
1.05159852906249e-10	1.14085026600223	0.204	0.096	4.92809567076026e-05	C2	chr7-36115341-36117653
1.14055935706012e-10	1.06665545826909	0.194	0.092	5.34499190939726e-05	C2	chr6-134435843-134437785
1.36600042004637e-10	1.50058146267572	0.112	0.04	6.40147410845909e-05	C2	chr1-115168484-115169576
1.63636571230909e-10	1.08032617441013	0.178	0.084	7.66848427393695e-05	C2	chr4-48909627-48910014
1.78662226078609e-10	1.07343919679969	0.156	0.074	8.37263003449924e-05	C2	chr2-100290597-100292472
1.78784145906748e-10	1.5340573720523	0.173	0.061	8.37834355121335e-05	C2	chr1-235908548-235909464
1.85528705339489e-10	1.37104333022017	0.144	0.055	8.69441316545392e-05	C2	chr5-141521002-141521799
1.93887412681815e-10	0.917816690732606	0.17	0.09	9.08612643176664e-05	C2	chr3-119637649-119639657
2.13487739658187e-10	1.1478034842278	0.134	0.06	0.000100046545948276	C2	chr2-20514460-20515321
2.16886295956424e-10	0.68101478611998	0.262	0.166	0.000101639207987763	C2	chr15-80159480-80161202
2.27279228561221e-10	1.64614309613491	0.133	0.042	0.000106509637601416	C2	chr11-33690221-33691357
2.34780043937353e-10	1.5400351873699	0.126	0.043	0.000110024737210318	C2	chr16-79372139-79373579
2.43570732964631e-10	0.860397415961914	0.308	0.173	0.000114144309018482	C2	chr17-44137681-44138569
2.63904514515457e-10	0.985768416477446	0.146	0.072	0.000123673308732864	C2	chr21-46060153-46061070
2.68754662925366e-10	1.08184798362704	0.162	0.075	0.000125946228932051	C2	chr16-89921537-89922056
2.7694949378944e-10	1.38791830258994	0.153	0.059	0.000129786564325051	C2	chr4-123831774-123833405
2.91647690404885e-10	0.862189143690767	0.274	0.152	0.000136674565506751	C2	chr12-12890237-12892260
2.94746505413308e-10	0.902228062090581	0.189	0.102	0.000138126760085333	C2	chr3-194322103-194323057
3.19955580546044e-10	1.11002748735738	0.145	0.068	0.000149940463755712	C2	chr1-181112352-181113872
3.24511074719388e-10	0.642846910105906	0.254	0.163	0.000152075300434672	C2	chr1-221439058-221441255
3.31561938085787e-10	1.30412799118756	0.116	0.047	0.000155379539483204	C2	chr22-30212340-30213863
3.66318947260188e-10	0.936922275953275	0.245	0.129	0.000171667681935595	C2	chr2-64837824-64839298
3.74111524791888e-10	0.905294580596631	0.212	0.112	0.000175319509751698	C2	chr5-91313760-91314862
3.8661683292213e-10	0.857887691579575	0.168	0.091	0.000181179859795465	C2	chr20-40506042-40507168
4.23974094499834e-10	1.34930387340435	0.108	0.042	0.000198686555931363	C2	chr17-16417922-16420285
4.2438455546041e-10	0.424944161346239	0.221	0.16	0.000198878909840856	C2	chr2-119223069-119224967
4.27972829070695e-10	0.786249854520319	0.242	0.14	0.000200560478914571	C2	chr11-9565697-9566508
4.33075656641919e-10	1.12480620338023	0.225	0.105	0.000202951811896446	C2	chr1-109197094-109198886
4.47512447499617e-10	1.25458491082571	0.181	0.076	0.000209717310759298	C2	chr4-10106244-10107439
4.50920807207997e-10	0.797666745575207	0.261	0.151	0.000211314566961076	C2	chr12-26237628-26240197
4.6217520245955e-10	0.80458297236629	0.18	0.104	0.000216588702953417	C2	chr15-60392633-60393408
4.73393838376671e-10	1.13968545190638	0.159	0.073	0.000221846081084621	C2	chr17-79038302-79039076
4.98787191042289e-10	1.61691115938252	0.131	0.043	0.000233746142550957	C2	chr13-113409852-113411928
5.5117532034262e-10	0.839397131762043	0.231	0.128	0.000258296739196842	C2	chr7-47481713-47483048
5.83313606785754e-10	1.22855342514528	0.23	0.098	0.000273357672234401	C2	chr6-30768727-30770337
5.87775018016871e-10	1.00724501922448	0.169	0.084	0.000275448418918228	C2	chr6-37242125-37242992
6.22923257166816e-10	1.13744755654283	0.214	0.098	0.000291919903082828	C2	chr12-122946620-122947826
6.31779414566602e-10	0.817333187984219	0.169	0.095	0.000296070155268932	C2	chr16-79612279-79613451
6.32250648043865e-10	0.906918972682428	0.274	0.147	0.000296290988942149	C2	chr1-201714111-201715240
6.51659382252244e-10	1.12401692526049	0.161	0.074	0.000305386484645487	C2	chr1-154431466-154432181
6.5728301450383e-10	1.07225298662954	0.138	0.064	0.000308021881803915	C2	chr16-51538344-51539728
6.86841163288109e-10	0.851314010047454	0.329	0.185	0.000321873687510543	C2	chr1-156126132-156127492
6.87981748088383e-10	1.38384858154157	0.108	0.041	0.000322408198624911	C2	chr2-173159387-173160367
6.90008760538825e-10	1.12803582261663	0.154	0.07	0.000323358115442549	C2	chr20-58622527-58624427
7.26194377038568e-10	1.23812127531389	0.156	0.066	0.000340315744717207	C2	chr7-91556796-91558659
7.27449292245204e-10	0.961691220333389	0.13	0.066	0.000340903834375578	C2	chr1-245585046-245585889
7.31289855458461e-10	1.63645802182739	0.134	0.043	0.000342703633673643	C2	chr6-85464076-85465200
7.90730103133761e-10	0.911468943545079	0.146	0.078	0.000370559057501471	C2	chr7-130887160-130888170
8.16685775804774e-10	1.33821465856375	0.109	0.042	0.000382722638429616	C2	chr16-81711265-81712262
8.21382708367077e-10	1.68573494372312	0.128	0.041	0.000384923757239355	C2	chr11-35029879-35031362
8.82384606738479e-10	0.741141321031369	0.217	0.13	0.000413511015871247	C2	chr7-44980347-44981375
9.17880952930174e-10	1.17038722946958	0.112	0.05	0.000430145633090714	C2	chr2-68831613-68832920
9.30074079153897e-10	0.886698483126061	0.183	0.099	0.000435859685639812	C2	chr9-127919001-127919760
9.33701206663587e-10	0.933993491204286	0.159	0.082	0.00043755946277755	C2	chr2-172098795-172099306
1.01380835238361e-09	0.866538456522053	0.218	0.119	0.000475099994369177	C2	chr20-53926089-53927640
1.07448282650948e-09	1.03796907944315	0.263	0.131	0.000503533812504311	C2	chr10-126061943-126063986
1.11035973753034e-09	0.867298371666683	0.196	0.105	0.000520346773439104	C2	chr7-155204718-155206957
1.16347979232992e-09	0.876128161276452	0.132	0.069	0.000545240371599777	C2	chr1-201538011-201540522
1.25131062748862e-09	1.57216581258937	0.116	0.038	0.000586400448049365	C2	chr5-150789329-150790687
1.42819604173407e-09	1.77935658591643	0.124	0.036	0.000669294082841795	C2	chr5-136016944-136017469
1.50657747662068e-09	1.55901170853485	0.117	0.04	0.000706025896291273	C2	chr2-232979617-232980489
1.51473009713371e-09	1.46002566774167	0.129	0.048	0.000709846450689675	C2	chr1-24266038-24267158
1.52045152770396e-09	0.696489836989439	0.306	0.186	0.00071252767897638	C2	chr2-233972905-233975180
1.61403299133995e-09	1.12625743674584	0.283	0.131	0.000756382666698652	C2	chr11-74672333-74673674
1.72435173358778e-09	1.3372237052482	0.164	0.065	0.000808081228559507	C2	chr12-76019861-76021380
1.72630943566306e-09	1.15435230420761	0.15	0.068	0.000808998664525343	C2	chr2-28610397-28611235
1.73412380395478e-09	0.878624941153968	0.206	0.113	0.000812660704123523	C2	chr6-44064205-44065093
1.7576875777895e-09	0.952295389184042	0.283	0.146	0.000823703371891915	C2	chr11-57424187-57427947
1.76790488524578e-09	1.0344157381142	0.21	0.103	0.000828491498467844	C2	chr20-35305599-35306133
1.83569365385733e-09	0.617644629164905	0.307	0.198	0.000860259281313505	C2	chr1-221839164-221842001
1.87167836734165e-09	1.16904107223695	0.188	0.085	0.000877122761608952	C2	chr17-50289077-50290769
1.98174639369678e-09	0.88141184955944	0.261	0.144	0.00092870383073173	C2	chr2-105403420-105405121
2.04395377686536e-09	0.511148751403134	0.177	0.122	0.000957856014498637	C2	chr6-142884578-142885798
2.14659791487769e-09	0.878841466955285	0.16	0.085	0.00100595803425121	C2	chr5-172436785-172438689
2.25004316597927e-09	1.54715092572261	0.111	0.038	0.0010544354788297	C2	chr17-78337189-78337954
2.33890155554065e-09	0.703685141107811	0.256	0.156	0.00109607709707146	C2	chr1-212485727-212486567
2.52096433035609e-09	0.949266991710023	0.237	0.123	0.00118139699317044	C2	chr8-21683649-21685249
2.5413390553413e-09	0.646886378398477	0.13	0.084	0.00119094518016554	C2	chr17-76446180-76447269
2.54522357670507e-09	1.20201700210039	0.132	0.057	0.00119276557952772	C2	chr18-48330192-48331101
2.70210987593168e-09	1.14681758117421	0.118	0.054	0.00126628704904799	C2	chr2-46150530-46151936
3.44090841406936e-09	1.02652277446676	0.114	0.055	0.00161250946917691	C2	chr1-1207988-1209167
3.47998097869575e-09	0.962894689681879	0.145	0.074	0.00163082000606521	C2	chr8-8310047-8311322
3.48354600756499e-09	0.831585585241536	0.272	0.154	0.00163249068197918	C2	chr1-7470589-7472207
3.62993997135025e-09	1.05087672084668	0.133	0.064	0.0017010951388339	C2	chr20-9050779-9053351
3.71199133088865e-09	1.55426679971862	0.113	0.039	0.00173954678540302	C2	chr12-88298484-88300113
4.02964452535751e-09	0.903130139528299	0.216	0.115	0.00188840828427376	C2	chr5-149133901-149135089
4.20912923639729e-09	1.3974560193698	0.116	0.045	0.00197252002492363	C2	chr12-2294269-2296372
4.25231631191206e-09	1.44324285131879	0.104	0.037	0.00199275874093504	C2	chr1-41782830-41783642
4.52849391977902e-09	1.3862633071926	0.114	0.042	0.00212218357713212	C2	chr5-157389484-157391258
4.75127048025123e-09	0.911779840072835	0.188	0.1	0.00222658313388965	C2	chr6-43926415-43927493
5.05732018234026e-09	1.37185849295289	0.116	0.045	0.00237000689972993	C2	chr8-94258977-94259390
5.20316313768419e-09	1.05145499489343	0.138	0.066	0.0024383531380498	C2	chr12-124453124-124454346
5.3496394102008e-09	0.52773018383909	0.342	0.238	0.00250699616716299	C2	chr7-101126088-101127262
5.40878899655914e-09	1.05133871676792	0.237	0.115	0.00253471537866851	C2	chr11-43830218-43831575
5.45076760294259e-09	0.76979249407763	0.254	0.149	0.00255438777099938	C2	chr4-113467577-113469067
5.72779534264919e-09	0.901813998158545	0.175	0.095	0.00268421100363035	C2	chr2-65319410-65320788
5.75183742772632e-09	1.60373259725793	0.117	0.038	0.00269547782191796	C2	chr11-12085341-12088428
5.9769113556156e-09	0.962525673230704	0.197	0.101	0.00280095399167078	C2	chr2-9800617-9802215
6.19474836288164e-09	1.28172595189741	0.158	0.065	0.00290303873054886	C2	chr1-42936340-42937495
6.35573821917296e-09	0.771790578805758	0.218	0.128	0.0029784832459128	C2	chr1-155961549-155963098
6.42477192080407e-09	0.666069888482934	0.304	0.194	0.00301083444047449	C2	chr1-153607839-153610013
6.80460030615089e-09	0.941351102545188	0.128	0.067	0.00318883303687119	C2	chr12-87754977-87757647
6.88828302740581e-09	0.955643225837701	0.213	0.107	0.00322804918685016	C2	chr11-19679533-19680676
7.01529254156682e-09	1.01488611528313	0.173	0.085	0.00328756952846192	C2	chr20-23147686-23148765
7.07538263230458e-09	0.91951866958576	0.147	0.077	0.00331572948759426	C2	chr20-31696016-31696499
7.16483396643338e-09	0.950812267634095	0.162	0.086	0.00335764897685571	C2	chr1-208184056-208185085
7.49763720745149e-09	1.15472330608291	0.109	0.048	0.00351361022689078	C2	chr8-100442650-100444345
7.57525205306608e-09	0.627373332620373	0.26	0.168	0.00354998279437631	C2	chr12-75953218-75954639
7.72738821355089e-09	1.40355386481262	0.133	0.051	0.00362127821112814	C2	chr12-89162349-89163218
8.04065974207582e-09	1.05915963255011	0.173	0.082	0.00376808633426925	C2	chr2-26696281-26696719
8.12370155340826e-09	0.889812676300402	0.221	0.118	0.00380700213527216	C2	chr10-122140382-122141725
8.33049224769923e-09	1.15477616144712	0.158	0.07	0.00390391025154704	C2	chr12-108853926-108854840
8.37744889705569e-09	0.574988758545053	0.188	0.124	0.00392591549917831	C2	chr2-239464619-239466277
8.65911945155479e-09	1.20009592028955	0.115	0.049	0.00405791448946267	C2	chr14-96267950-96269619
9.02700967292382e-09	1.14745380396435	0.132	0.059	0.00423031851601262	C2	chr5-174837530-174838572
9.64817482406237e-09	0.899541728086119	0.148	0.079	0.00452141451962552	C2	chr2-74739766-74742003
9.84785490714188e-09	1.31020763134894	0.154	0.063	0.00461499039727899	C2	chr10-33155333-33156576
1.00245163016387e-08	0.736814839836072	0.208	0.126	0.00469777904992064	C2	chr2-99880048-99880939
1.03420548960689e-08	0.772005345010526	0.182	0.105	0.00484658684388985	C2	chr1-221886266-221887595
1.06350677873363e-08	0.902774192340173	0.168	0.089	0.00498390118211164	C2	chr16-88241890-88243215
1.06425281675704e-08	0.536728581476113	0.314	0.214	0.00498739733264033	C2	chr13-110868560-110870759
1.12288764891304e-08	0.960290291917823	0.205	0.106	0.00526217716022471	C2	chr6-37133705-37135097
1.12591694184976e-08	0.538561804522912	0.326	0.224	0.00527637330542109	C2	chr16-85514166-85516326
1.16509887870529e-08	1.23985968430553	0.129	0.055	0.00545999122428779	C2	chr13-30742960-30744933
1.1809243229833e-08	1.24213579915423	0.151	0.065	0.00553415384555341	C2	chr18-77067124-77068108
1.20998755650765e-08	0.824715397479259	0.131	0.076	0.00567035258618623	C2	chr7-158430245-158433222
1.21029763565348e-08	1.12157942952901	0.121	0.055	0.00567180570698657	C2	chr7-19957738-19958945
1.35704883484238e-08	1.58030426860258	0.102	0.034	0.0063595243842335	C2	chr18-77065183-77065914
1.43624085865803e-08	0.988037434329311	0.11	0.054	0.00673064117352053	C2	chr7-47226745-47228241
1.44531366212501e-08	0.623572748345852	0.274	0.179	0.0067731589616798	C2	chr13-98484042-98485287
1.48674684003732e-08	0.99446949834631	0.177	0.087	0.0069673268489985	C2	chr2-43293031-43295407
1.53425046636683e-08	1.17149988684487	0.135	0.062	0.0071899426180302	C2	chr20-50438985-50439812
1.56520203615746e-08	0.974609369065584	0.134	0.066	0.00733499065002436	C2	chr6-30681872-30683022
1.58817825474223e-08	1.28986179112549	0.123	0.049	0.00744266387341596	C2	chr2-55861550-55863097
1.60735132612699e-08	1.15236281797074	0.122	0.055	0.00753251444611567	C2	chr15-40266424-40267438
1.71194776810733e-08	1.15498022351966	0.163	0.075	0.00802268370620368	C2	chr8-125555995-125557954
1.8403865952262e-08	0.952918060510214	0.167	0.086	0.0086245852973426	C2	chr13-110094150-110095173
1.88561676908183e-08	1.44354223067459	0.113	0.041	0.00883654700878047	C2	chr7-102875344-102876361
1.88624832192555e-08	0.696517527307544	0.16	0.096	0.00883950664855647	C2	chr6-143396546-143398190
1.96335442309584e-08	0.899315843437712	0.206	0.11	0.00920084819940979	C2	chr2-84919029-84920718
2.04230365631631e-08	1.34974750557068	0.115	0.045	0.00957082720155854	C2	chr3-134426493-134428024
2.08389530208786e-08	1.05370541672536	0.129	0.063	0.0097657377152213	C2	chr20-52922203-52923803
2.09869459275811e-08	1.37461730673888	0.135	0.052	0.00983509148309639	C2	chr20-6650773-6652098
2.10507859056172e-08	0.687739031324785	0.182	0.113	0.00986500874816349	C2	chr16-23504026-23505560
2.10972923251762e-08	0.915549126772847	0.173	0.091	0.00988680300505498	C2	chr7-2862747-2865541
2.12567919559971e-08	1.09859382952806	0.114	0.052	0.00996154915754697	C2	chr20-22411323-22412419
2.1452035641866e-08	1.21676055335979	0.105	0.045	0.010053046010812	C2	chr1-222817382-222817906
2.17756299877582e-08	0.528284448135366	0.376	0.26	0.0102046917055331	C2	chr17-81422621-81423715
2.21616096271434e-08	0.789793909072702	0.224	0.129	0.0103855729579586	C2	chr12-3168382-3169199
2.37170590924582e-08	0.857148303478103	0.216	0.119	0.0111145016854396	C2	chr14-68547289-68549314
2.42906886898705e-08	0.994509460257246	0.105	0.052	0.0113833211500453	C2	chr15-59169063-59170662
2.43110356541014e-08	0.719341453964155	0.207	0.126	0.0113928563275459	C2	chr12-54431815-54433189
2.43485732250196e-08	0.802434855506674	0.183	0.105	0.0114104475218677	C2	chr2-174023621-174026304
2.47812928368571e-08	0.945141109275198	0.165	0.085	0.0116132324808435	C2	chr6-34243832-34244863
2.51684492574966e-08	1.51247844443955	0.106	0.039	0.0117946652070914	C2	chr2-47269315-47270183
2.58413890064528e-08	0.882632602030121	0.15	0.08	0.012110024288705	C2	chr5-137142337-137143233
2.7375491529301e-08	1.04373177972056	0.184	0.089	0.0128289492198848	C2	chr2-223759071-223762156
2.75309036871303e-08	1.27971178314469	0.122	0.051	0.0129017798639962	C2	chr3-126910682-126912695
2.77195178677952e-08	1.03089586003718	0.164	0.082	0.012990169938867	C2	chr15-38129142-38131383
2.81451855826333e-08	0.554899260340904	0.237	0.163	0.0131896501744039	C2	chr1-54226949-54229879
2.86052121805828e-08	1.06972737342941	0.109	0.052	0.0134052319789743	C2	chr1-239814161-239815069
2.94183718371862e-08	1.66939601704808	0.105	0.033	0.0137863021756887	C2	chr19-17107351-17108572
2.9709024532294e-08	1.18992239009537	0.107	0.046	0.0139225104575444	C2	chr13-110005334-110006829
3.01775300721527e-08	1.40082466666607	0.15	0.056	0.0141420657401829	C2	chr8-48407120-48410570
3.03894139938365e-08	1.17039845993307	0.127	0.056	0.0142413606905176	C2	chr21-34834211-34836913
3.059941837114e-08	1.59691965346403	0.1	0.032	0.014339774831849	C2	chr7-89014-89911
3.11645504438318e-08	0.98558362784097	0.114	0.057	0.0146046121099424	C2	chr15-91965473-91966563
3.21845403390219e-08	0.688323353829214	0.285	0.175	0.0150826089545355	C2	chr10-122300909-122302024
3.2730626383113e-08	1.39665185657206	0.137	0.051	0.0153385207112918	C2	chr18-44732762-44734128
3.3810919623705e-08	1.05282050533163	0.187	0.089	0.0158447774523372	C2	chr8-101097270-101099248
3.41590242644027e-08	0.830753433307036	0.119	0.065	0.0160079093820028	C2	chr8-21491479-21493216
3.7736210481439e-08	0.966849789050532	0.142	0.072	0.0176842825817063	C2	chr14-61562568-61563197
3.8615475835975e-08	0.681616342312099	0.197	0.12	0.0180963318255371	C2	chr17-62819393-62820435
3.88523578074185e-08	0.508777034097007	0.347	0.245	0.0182073415869327	C2	chr12-52202297-52203806
3.89253137552657e-08	1.31309698439131	0.107	0.043	0.0182415308598164	C2	chr16-69073028-69073754
4.19678140970596e-08	1.18268642485588	0.118	0.051	0.0196673347524909	C2	chr11-115940897-115942466
4.23210367902308e-08	1.15410070677321	0.119	0.053	0.0198328651499691	C2	chr7-44184096-44184887
4.27961618203186e-08	0.9932516666696	0.112	0.055	0.0200555225176941	C2	chr5-168916036-168917463
4.33054166484186e-08	1.06993129808381	0.131	0.062	0.0202941740985318	C2	chr19-46201077-46202213
4.38923641909363e-08	1.1455097940324	0.106	0.048	0.0205692347384343	C2	chr11-44568631-44569566
4.39299723943195e-08	1.32194648739955	0.123	0.049	0.0205868590331776	C2	chr7-47290993-47292128
4.54886253901849e-08	1.07556281361905	0.122	0.058	0.021317289027977	C2	chr10-49176369-49178303
4.68074286846809e-08	1.21323622770855	0.113	0.049	0.0219353184970733	C2	chr10-3754704-3755910
4.85393488059732e-08	0.744327965835745	0.116	0.068	0.0227469464915944	C2	chr18-6405331-6407159
4.85520068874998e-08	0.886470076859929	0.194	0.106	0.0227528784356821	C2	chr19-4911473-4912347
4.92223175818959e-08	1.43086231210861	0.127	0.047	0.0230670054660863	C2	chr7-51123125-51124225
4.96167524996735e-08	0.679025698987214	0.17	0.106	0.0232518491071695	C2	chr17-81097152-81098273
5.14368587859897e-08	1.08741256393345	0.157	0.073	0.0241048036960196	C2	chr7-43301979-43303065
5.22390039102638e-08	1.51972681247034	0.123	0.042	0.024480712163463	C2	chr17-40485708-40486579
5.22718500999806e-08	1.09469574326634	0.146	0.069	0.0244961048405038	C2	chr9-116549039-116549801
5.41664510518558e-08	1.21913804133546	0.105	0.045	0.0253839697899801	C2	chr1-172286143-172287508
5.44006221743853e-08	1.4234423754267	0.128	0.048	0.02549370916896	C2	chr22-40498315-40499513
5.58252947837449e-08	1.14893774572991	0.107	0.047	0.0261613520692116	C2	chr12-1472816-1475169
5.70262370382719e-08	0.851369654286838	0.187	0.101	0.0267241484370083	C2	chr1-234771351-234773098
5.70603698320888e-08	0.584408769413793	0.377	0.257	0.0267401440540419	C2	chr13-114064111-114066801
5.92497038674776e-08	0.569137908588239	0.222	0.152	0.0277661294737121	C2	chr5-168364195-168366591
5.95305510854029e-08	1.52249077871144	0.113	0.039	0.0278977426246013	C2	chr11-128026043-128027023
5.988692546705e-08	1.22383634742078	0.152	0.067	0.0280647499946982	C2	chr1-161082609-161084171
6.03934604919958e-08	0.917911604580059	0.143	0.076	0.0283021269969035	C2	chr8-8295399-8296726
6.04378993987725e-08	0.683402911664219	0.321	0.197	0.0283229523573474	C2	chr1-234980220-234981351
6.17286745823021e-08	0.926237759241272	0.205	0.109	0.0289278470408297	C2	chr1-21324093-21325599
6.18380927052782e-08	1.01191977619008	0.204	0.101	0.0289791235463818	C2	chr17-41910449-41911031
6.19061563609523e-08	1.60635009749737	0.106	0.034	0.0290110201492767	C2	chr8-23761094-23762151
6.63224232829531e-08	0.651101546771452	0.263	0.169	0.031080610900667	C2	chr14-61523867-61526281
6.79178512881551e-08	0.539816179506084	0.344	0.237	0.0318282747313168	C2	chr10-97888545-97890288
6.82859246729271e-08	1.06912529328917	0.11	0.051	0.0320007645935491	C2	chr12-104694968-104696135
6.88067480975028e-08	1.12690837494812	0.137	0.061	0.0322448375541846	C2	chr6-40957656-40958631
6.89838329471747e-08	0.8447655476443	0.241	0.134	0.0323278246502015	C2	chr8-94240909-94242893
7.13059973123703e-08	0.547887676867166	0.341	0.228	0.0334160582144988	C2	chr20-50308274-50309429
7.247953418087e-08	0.707222298615573	0.226	0.137	0.0339660116236469	C2	chr5-75318941-75321791
7.29162517481804e-08	0.983486953910796	0.192	0.096	0.034170670140498	C2	chr6-125904495-125905378
7.55743364215932e-08	0.861170317516005	0.22	0.122	0.0354163257029148	C2	chr6-129490043-129491767
7.93429424792908e-08	0.855168760186638	0.158	0.087	0.0371824037911276	C2	chr5-91161895-91163422
8.1367354224171e-08	1.10644655485358	0.219	0.101	0.038131101842719	C2	chr9-127561407-127562375
9.06457778642071e-08	1.27430184920258	0.106	0.044	0.0424792402347255	C2	chr21-15221642-15223079
9.4982651934512e-08	1.07261678537158	0.102	0.048	0.0445116251934184	C2	chr7-5595600-5596369
9.80661868503113e-08	0.960184070320678	0.12	0.061	0.0459566590774745	C2	chr13-34155638-34157454
1.011992362122e-07	0.852992283468588	0.16	0.089	0.0474248968668873	C2	chr11-16790820-16792035
1.02906206641018e-07	0.613161400145358	0.377	0.251	0.0482248327119735	C2	chr17-41547236-41549529
1.03635986444092e-07	1.43163107604454	0.107	0.041	0.0485668286913084	C2	chr7-137882032-137883211
3.16380821148343e-29	1.48885491355355	0.368	0.132	1.48265227833927e-23	C3	chr5-170744976-170746875
4.65969892091654e-27	1.74200478530211	0.281	0.083	2.1836700456102e-21	C3	chr22-17781126-17782124
5.27759340788924e-25	1.80197691893999	0.272	0.076	2.47323332114572e-19	C3	chr17-28499924-28501672
9.36679676688514e-25	1.10632482418394	0.459	0.212	4.38955260206862e-19	C3	chr16-50696388-50698702
1.12042145042039e-23	1.58717480406338	0.307	0.101	5.25061983889057e-18	C3	chr16-70589736-70592540
2.03932764190162e-23	2.94849450379291	0.109	0.014	9.55688073496712e-18	C3	chr22-36892104-36892869
2.72919334702766e-23	1.16498006843385	0.381	0.168	1.27897914902422e-17	C3	chr19-49896600-49898100
6.91419539707188e-23	1.42275045080352	0.282	0.102	3.2401924747344e-17	C3	chr5-132094157-132095875
2.44288005427654e-22	1.47238811548941	0.271	0.095	1.14480443695556e-16	C3	chr12-108612655-108613936
5.03357327878753e-22	2.31320718767316	0.121	0.023	2.35887841206492e-16	C3	chr2-222730411-222731664
8.55052143379148e-22	2.22626095805795	0.139	0.028	4.00702230899627e-16	C3	chr16-2043824-2044699
1.88571232480738e-21	1.61232569721506	0.21	0.066	8.83699481062159e-16	C3	chr5-116680788-116681996
7.58781459554422e-21	1.24948048572261	0.266	0.105	3.55586996609529e-15	C3	chr16-31264969-31266209
9.26727033101486e-21	1.65974353839669	0.179	0.053	4.34291162795316e-15	C3	chr11-19474863-19475980
1.0425791135104e-20	1.5617980652219	0.176	0.057	4.88582807385265e-15	C3	chr5-180441270-180442881
2.50999744193823e-20	1.25370891671782	0.288	0.118	1.17625759121807e-14	C3	chr21-33382791-33384106
3.31862560521445e-20	1.08155235887062	0.342	0.158	1.55520419874604e-14	C3	chr20-63698731-63699584
1.52734971079709e-19	1.10849745289318	0.322	0.146	7.15760367621132e-14	C3	chr1-205293550-205295197
2.05105724474255e-19	1.09541305562943	0.332	0.153	9.61184905546455e-14	C3	chr21-37207312-37209540
2.14794766550909e-19	2.01787513441732	0.177	0.042	1.00659056653986e-13	C3	chr12-116537130-116537705
3.68521697313964e-19	1.96676060217405	0.193	0.048	1.72699954490546e-13	C3	chr19-4719562-4719821
7.92601747561734e-19	1.32578265609084	0.275	0.11	3.71436164358108e-13	C3	chr12-7122592-7123368
1.82514509043042e-18	2.24537215622619	0.197	0.041	8.55315918583318e-13	C3	chr17-58343695-58345132
2.2229918900395e-18	1.75649306803431	0.134	0.037	1.04175846643732e-12	C3	chr14-34257433-34258818
2.69653259759792e-18	1.63642373053746	0.112	0.034	1.26367337467971e-12	C3	chr3-23667513-23668932
3.73056379929931e-18	2.45079536203497	0.107	0.019	1.74825038270183e-12	C3	chr1-32341823-32342313
6.95735095344391e-18	2.22163904096222	0.108	0.022	3.26041641996146e-12	C3	chr11-35597966-35599069
7.09134470449601e-18	1.61720967847241	0.195	0.061	3.32320977752326e-12	C3	chr11-61850748-61851743
1.07194641261941e-17	0.907407167480964	0.29	0.15	5.0234517539942e-12	C3	chr22-50544008-50545272
1.52808181649689e-17	1.80230306481146	0.158	0.043	7.16103453583123e-12	C3	chr1-209606972-209608043
2.48921879951546e-17	1.3348085839086	0.245	0.095	1.16652011679813e-11	C3	chr1-111192225-111193548
2.52373129326728e-17	2.08340794544743	0.146	0.033	1.18269367223255e-11	C3	chr20-53699053-53700318
3.04151462615097e-17	1.56318718018445	0.204	0.065	1.4253419577385e-11	C3	chr11-79212464-79213312
3.75121459659734e-17	1.91478305573361	0.126	0.032	1.75792794518882e-11	C3	chr6-43740726-43741422
4.09664934717744e-17	2.3326384727728	0.112	0.021	1.91980868691841e-11	C3	chr1-166169987-166170418
1.07047737319779e-16	2.02779779595199	0.153	0.036	5.01656740924306e-11	C3	chr9-120925656-120926868
1.12147448416654e-16	1.80177100224716	0.203	0.055	5.25555466040482e-11	C3	chr3-143307484-143308154
1.4348174481075e-16	2.09367537326878	0.12	0.027	6.72397065889171e-11	C3	chr21-42411550-42412538
1.56079919766752e-16	1.12760442716168	0.265	0.116	7.31435767203731e-11	C3	chr1-203692293-203693514
1.70371865558239e-16	1.17748750950016	0.255	0.108	7.9841196984692e-11	C3	chr19-44738669-44739263
2.3872480982969e-16	1.64915578875953	0.166	0.051	1.11873368905678e-10	C3	chr5-58258762-58260238
2.45789618486504e-16	0.735364771964965	0.454	0.27	1.15184143121712e-10	C3	chr5-151085354-151086153
3.17056294689245e-16	2.35792511649364	0.127	0.024	1.48581774323926e-10	C3	chrX-40871162-40872137
3.45324729473229e-16	1.94389896508321	0.14	0.035	1.6182918264831e-10	C3	chr5-134127390-134127836
5.19367286726684e-16	1.02130822545434	0.27	0.127	2.43390572211439e-10	C3	chr7-44980347-44981375
5.49534803680664e-16	1.21745515024494	0.224	0.091	2.57527945514066e-10	C3	chr16-84531391-84533349
1.03807773563144e-15	2.20847710123837	0.14	0.029	4.86473331171227e-10	C3	chr7-1447612-1448114
1.38269244853887e-15	2.002440724516	0.108	0.026	6.47969779466321e-10	C3	chr19-36030253-36030686
1.65981168898331e-15	1.52353777513503	0.176	0.058	7.77835891996559e-10	C3	chr17-199166-200862
1.78339807976886e-15	2.11972800964743	0.139	0.03	8.35752058724e-10	C3	chr13-23267632-23268935
1.87508123076619e-15	2.18688486272569	0.113	0.024	8.78717442092728e-10	C3	chr11-119751247-119752623
2.02326234527039e-15	1.38987563990711	0.196	0.069	9.48159409601716e-10	C3	chr7-158430245-158433222
2.02759648596871e-15	1.16390492566078	0.15	0.063	9.5019051362303e-10	C3	chr2-37389908-37391160
2.25813889817273e-15	1.20567698107177	0.323	0.136	1.05822937371179e-09	C3	chr2-218896113-218898712
2.33065107749325e-15	2.14745806634391	0.148	0.032	1.09221068379458e-09	C3	chr18-80048871-80049887
2.45748710123483e-15	0.695714683878302	0.433	0.258	1.15164972276458e-09	C3	chr17-81422621-81423715
3.2791572292229e-15	1.67220535514253	0.219	0.066	1.5367081731735e-09	C3	chr1-205961126-205963210
3.37085944728591e-15	1.75497138426902	0.168	0.048	1.57968249192215e-09	C3	chr21-37630871-37632131
3.43365859316253e-15	2.01499786078265	0.135	0.032	1.60911199285516e-09	C3	chr1-201403889-201404416
3.50858218970436e-15	1.20361292443048	0.305	0.128	1.64422336297897e-09	C3	chr17-34234748-34236733
4.04152893625823e-15	1.64302610818888	0.135	0.042	1.89397766386976e-09	C3	chr5-168289911-168290204
4.54905758597277e-15	1.32076569740537	0.219	0.084	2.13182030745683e-09	C3	chr5-170150847-170152026
4.57143046861602e-15	1.70742469783646	0.206	0.062	2.14230488907705e-09	C3	chr13-99431911-99433246
5.2783282554123e-15	1.52735684415332	0.197	0.066	2.47357769200561e-09	C3	chr18-74546231-74547824
7.63326018737154e-15	1.61944432852172	0.153	0.048	3.57716708834774e-09	C3	chr6-29560983-29561898
9.20625302530626e-15	1.63568865371009	0.174	0.053	4.31431714899625e-09	C3	chr1-36349215-36350243
9.76470527397122e-15	1.21349782062358	0.124	0.049	4.57602406783586e-09	C3	chr2-85662137-85663286
1.11928220935339e-14	1.48420522883643	0.173	0.059	5.24528102487071e-09	C3	chr11-70159210-70160359
1.16259706644538e-14	1.24055046753414	0.255	0.104	5.44826700651234e-09	C3	chr7-22443354-22445921
1.17038965487567e-14	1.60414776654739	0.171	0.053	5.48478533574729e-09	C3	chr5-134099931-134100945
1.44560888953074e-14	0.794371751830803	0.226	0.124	6.77454248291901e-09	C3	chr12-95173186-95174533
1.44605843638557e-14	1.8340996734137	0.133	0.035	6.77664918984931e-09	C3	chr2-150520797-150521609
1.59416918158794e-14	2.17251249499936	0.109	0.023	7.47073909398373e-09	C3	chr16-65782556-65783267
1.9772934547685e-14	1.25755637264272	0.259	0.101	9.26617054414708e-09	C3	chr5-74315590-74316760
2.21622499632694e-14	1.31520325821329	0.241	0.092	1.0385873038037e-08	C3	chr8-100501993-100503433
2.34391246702506e-14	1.30776094417568	0.217	0.083	1.09842535550949e-08	C3	chr7-3861421-3863108
2.34726696707638e-14	1.2871244907752	0.216	0.085	1.09999737151404e-08	C3	chr7-102424165-102427208
2.5283666932102e-14	0.975202541605739	0.282	0.14	1.1848659550724e-08	C3	chr9-136881562-136882927
2.65384987146362e-14	1.65189989612316	0.118	0.035	1.24367101141412e-08	C3	chr9-135144287-135145268
2.97904053176072e-14	1.42217825015711	0.208	0.075	1.39606478535849e-08	C3	chr4-8238097-8239023
3.68931746225959e-14	1.19777910117717	0.213	0.089	1.72892115302125e-08	C3	chr2-88856850-88858488
3.87225778521809e-14	1.76334560337184	0.167	0.047	1.81465229362897e-08	C3	chr8-22780679-22781925
4.14809068593971e-14	1.71631444833862	0.213	0.062	1.94391559006124e-08	C3	chr15-80418084-80420124
4.15497404901994e-14	1.33055753502564	0.202	0.077	1.94714133361817e-08	C3	chr10-43260136-43260522
4.38123216295849e-14	1.22374811189643	0.216	0.088	2.05317244729507e-08	C3	chr15-23422102-23423743
5.04811821734309e-14	1.46594418478826	0.198	0.069	2.36569459207528e-08	C3	chr5-177300171-177300755
5.70014102119323e-14	2.00507759538995	0.105	0.024	2.67125138662076e-08	C3	chr2-205714042-205715245
6.69510977927752e-14	1.55045043293334	0.214	0.069	3.13752260075305e-08	C3	chr1-193407830-193409295
7.43481089274373e-14	2.36838988157856	0.105	0.02	3.4841679938556e-08	C3	chr2-96501311-96501916
7.89059068547482e-14	2.03687951730401	0.153	0.034	3.69775962234338e-08	C3	chr16-84810364-84811335
8.93806966720847e-14	1.65653042182496	0.196	0.06	4.18863865007424e-08	C3	chr15-62793710-62795518
9.92268255796023e-14	1.11123246412829	0.2	0.088	4.65005680445434e-08	C3	chr7-99379886-99381452
1.05029278996919e-13	0.83661126426369	0.431	0.242	4.92197659870474e-08	C3	chr12-92551637-92553776
1.26261055405572e-13	1.04697386804216	0.203	0.093	5.91695921336579e-08	C3	chr5-9059838-9060778
1.28025740841882e-13	1.4515540551192	0.152	0.053	5.99965749049904e-08	C3	chr9-135130147-135130905
1.32661502863466e-13	1.10320871359219	0.245	0.109	6.21690274254034e-08	C3	chr5-180467047-180467576
1.54594408388196e-13	0.969614727079623	0.219	0.103	7.24474230085518e-08	C3	chr5-172757503-172758808
1.9448489607213e-13	1.98023648718323	0.152	0.036	9.11412623613864e-08	C3	chr7-159210532-159212115
2.50798708373161e-13	1.31929712167057	0.172	0.064	1.17531547906206e-07	C3	chr1-212635013-212637319
3.21674259662656e-13	0.93785069424206	0.268	0.133	1.50745886631451e-07	C3	chr7-70667970-70669307
4.40323332867649e-13	2.29172664300539	0.119	0.023	2.06348283158433e-07	C3	chr2-235083170-235084776
4.7742269043294e-13	1.0665631003421	0.291	0.132	2.23734117994898e-07	C3	chr17-73341449-73343452
4.92861316449138e-13	1.89983392334976	0.214	0.056	2.30969105866243e-07	C3	chr15-70140115-70141837
6.36791979131471e-13	1.3035060633706	0.176	0.068	2.98419188388402e-07	C3	chr4-113291320-113293972
8.02468957197226e-13	1.41993367109052	0.214	0.078	3.76060224942379e-07	C3	chr5-142857059-142857810
8.34726415171552e-13	1.39579647273075	0.161	0.058	3.91177005215429e-07	C3	chr20-37335710-37337164
8.63133465674748e-13	0.91169384927497	0.31	0.159	4.04489372885691e-07	C3	chr10-13786581-13789276
9.36682261665937e-13	1.51416865788094	0.184	0.062	4.38956471602246e-07	C3	chr5-9062402-9063304
9.6539542767328e-13	1.08588153156944	0.198	0.088	4.52412293875101e-07	C3	chr17-64343238-64344919
1.08892362530342e-12	1.40727652138029	0.173	0.062	5.10301189602317e-07	C3	chr6-24517238-24518453
1.11688535718101e-12	2.040918230839	0.126	0.029	5.23404868050379e-07	C3	chr1-227753672-227754437
1.22934308660437e-12	2.11240173132343	0.113	0.025	5.7610582133232e-07	C3	chr10-43265036-43265468
1.32742678572095e-12	1.59053006979436	0.11	0.034	6.22070687165625e-07	C3	chr3-133469084-133469812
1.48288975627767e-12	1.47683348255142	0.175	0.06	6.94925143594647e-07	C3	chr4-2745685-2747487
1.86775817060079e-12	1.49102963374235	0.187	0.063	8.75285643730479e-07	C3	chr6-159676789-159678399
2.10014760900788e-12	0.918012863998265	0.283	0.141	9.84190073861753e-07	C3	chr13-36130238-36132263
2.3729088340387e-12	2.33166332247107	0.1	0.019	1.11201389398672e-06	C3	chr1-54622404-54622917
2.40767915748841e-12	1.16309808126538	0.282	0.122	1.12830827589464e-06	C3	chr16-11181362-11183716
2.52266470609775e-12	0.572079881295493	0.346	0.22	1.18219383855388e-06	C3	chr16-66924736-66925896
2.53878874972214e-12	1.11551758856247	0.276	0.117	1.18975003299354e-06	C3	chr21-41207209-41208693
2.63914901506751e-12	2.08621289098909	0.104	0.023	1.23678176378207e-06	C3	chr12-52650257-52651484
2.89933292771414e-12	1.10051274492319	0.187	0.082	1.35871149058175e-06	C3	chr17-1511044-1512363
3.87368766495807e-12	1.11464479409825	0.213	0.094	1.81532237674164e-06	C3	chr7-44750570-44751546
4.07603209095446e-12	1.43480694148283	0.124	0.043	1.9101468427519e-06	C3	chr5-51650710-51652160
4.30738710272642e-12	1.76448909863477	0.117	0.032	2.01856651056358e-06	C3	chr10-79331108-79332158
4.38707033415478e-12	1.86158485886925	0.123	0.032	2.05590838362462e-06	C3	chr10-127830501-127831193
5.046826273803e-12	1.23614708761502	0.197	0.079	2.36508914986603e-06	C3	chr5-67314952-67316295
5.13261575220407e-12	1.76998766012678	0.1	0.027	2.40529258733964e-06	C3	chr1-47587850-47588694
5.78272090083925e-12	1.46989242124562	0.133	0.046	2.7099507130394e-06	C3	chr22-42418793-42419912
6.04176252559688e-12	1.55414158726102	0.142	0.045	2.83134513060794e-06	C3	chr22-17845739-17847030
6.25314086491792e-12	1.79024407499716	0.148	0.041	2.93040315038562e-06	C3	chr10-70970146-70971225
6.25498465065666e-12	1.37598506974415	0.178	0.066	2.93126720185258e-06	C3	chr11-133946454-133947628
6.49231765803745e-12	1.17101993138053	0.127	0.054	3.04248833176843e-06	C3	chr12-109978772-109979837
9.18607135851478e-12	0.819844889687697	0.298	0.158	4.30485943466942e-06	C3	chr17-50892964-50893971
9.32643443915765e-12	1.28407729316262	0.162	0.063	4.37063764478801e-06	C3	chr1-19257072-19257923
9.74560851557864e-12	1.61107225151044	0.125	0.038	4.5670747730471e-06	C3	chr6-4336691-4337504
1.07394964768671e-11	2.05686298100825	0.147	0.033	5.03283949445776e-06	C3	chr10-43264092-43264502
1.08062151296205e-11	1.38030391600903	0.264	0.097	5.06410578997891e-06	C3	chr11-73147707-73148648
1.09884671830303e-11	1.57301960757749	0.172	0.056	5.14951438751633e-06	C3	chr10-11886621-11887841
1.1175404832536e-11	1.12807899776424	0.148	0.063	5.23711879126653e-06	C3	chr15-58472804-58474209
1.12556408824146e-11	1.74783617848617	0.163	0.046	5.27471973108509e-06	C3	chr11-110348309-110350080
1.46739047653279e-11	0.700297683121847	0.341	0.199	6.87661731627085e-06	C3	chr17-72444602-72446144
1.57300766210739e-11	1.35909882951316	0.179	0.065	7.37157007685723e-06	C3	chr12-93166703-93168708
1.61656620446135e-11	1.42059418655506	0.164	0.056	7.57569803830518e-06	C3	chr5-178286449-178286716
1.73269150681e-11	1.62747438614311	0.206	0.062	8.11989488144862e-06	C3	chr2-80706309-80707766
1.9344068004613e-11	0.612621011927721	0.401	0.252	9.06519124493378e-06	C3	chr19-45641100-45642717
1.99832241818066e-11	1.19689131526283	0.174	0.071	9.36471836509586e-06	C3	chr17-40597613-40599872
2.18607170226824e-11	1.99093103460466	0.113	0.026	1.02445659576226e-05	C3	chr5-149831478-149831846
2.35061060475562e-11	1.87431804000187	0.117	0.03	1.10156429709602e-05	C3	chr8-129981668-129982293
2.53571356234025e-11	1.53064021068048	0.132	0.043	1.18830891100595e-05	C3	chr17-64313007-64314151
3.42296158861496e-11	1.97326198225219	0.114	0.027	1.60409906631104e-05	C3	chr8-121545282-121546595
3.72072316609162e-11	1.09696363542893	0.226	0.099	1.74363877660235e-05	C3	chr8-22178427-22179698
4.03927689014267e-11	1.27028549558867	0.199	0.077	1.89292228975067e-05	C3	chr15-62135236-62136343
4.06058409675853e-11	1.53656420908943	0.112	0.036	1.90290746467985e-05	C3	chr9-73219035-73220682
4.15831214645629e-11	1.00326532832783	0.278	0.132	1.94870566288167e-05	C3	chr7-101107827-101109356
4.42058367853374e-11	1.11197464647793	0.181	0.078	2.07161370868759e-05	C3	chr7-45968988-45969698
4.42638008839312e-11	1.1201023717841	0.229	0.1	2.07433007444358e-05	C3	chr17-31564815-31565339
4.44841685325144e-11	1.59246903177605	0.141	0.044	2.08465714152237e-05	C3	chr6-107811012-107812717
4.65609440539655e-11	1.33008640808976	0.147	0.055	2.18198086510658e-05	C3	chr12-112149478-112150062
4.84103155411349e-11	1.29006091250276	0.151	0.059	2.26864777617265e-05	C3	chr19-17311818-17312489
4.94597166781938e-11	1.1776147457538	0.201	0.084	2.31782575671853e-05	C3	chr1-121510694-121512319
5.25972974503581e-11	1.48304323957323	0.141	0.048	2.46486189068638e-05	C3	chr4-132123708-132124838
5.57279020398916e-11	1.22769865822516	0.156	0.063	2.61157110050524e-05	C3	chr2-121038169-121039247
5.87087099428523e-11	1.34194813439426	0.11	0.04	2.75126040318089e-05	C3	chr21-41648034-41649118
6.08832582828121e-11	0.620947657865862	0.297	0.184	2.85316604458159e-05	C3	chr7-4724576-4726849
6.38950075337507e-11	1.00223380285047	0.262	0.123	2.99430534855341e-05	C3	chr3-127001660-127003110
6.57940659313319e-11	1.39590879231327	0.104	0.037	3.08330073233342e-05	C3	chr16-70430448-70431404
7.03946104034761e-11	1.22151917034958	0.232	0.095	3.29889558787706e-05	C3	chr1-183179894-183181241
7.45333386701951e-11	0.960300076583372	0.253	0.125	3.49284839676749e-05	C3	chr8-143023847-143024779
7.59818981212142e-11	1.37342316796997	0.1	0.036	3.56073209346465e-05	C3	chr5-138695888-138697180
8.10995944570834e-11	1.36515031900314	0.13	0.049	3.80056218508285e-05	C3	chr15-73987625-73988330
8.19578206866628e-11	0.964749873913326	0.181	0.088	3.84078115505701e-05	C3	chr21-42414309-42415904
8.50784664712477e-11	1.25473126182571	0.169	0.067	3.98702366639543e-05	C3	chr7-28004932-28006286
8.59965708779149e-11	0.964071340085597	0.253	0.123	4.03004870139464e-05	C3	chr10-71837298-71838729
8.68712202202349e-11	2.20790904217799	0.113	0.023	4.07103730605885e-05	C3	chr12-57145425-57146007
8.83871399515959e-11	1.75953828534524	0.126	0.035	4.14207770083764e-05	C3	chr6-43737347-43738057
8.85335851025346e-11	1.54756782262462	0.13	0.043	4.14894054530157e-05	C3	chr13-110371544-110372986
9.62156989409289e-11	0.893662230553581	0.265	0.136	4.50894667789886e-05	C3	chr15-42056743-42058194
9.95432014211085e-11	1.61083926160888	0.166	0.051	4.66488309387727e-05	C3	chr1-211620910-211621962
1.19503210459743e-10	0.926035905741189	0.203	0.101	5.60026700145389e-05	C3	chr1-205324713-205325741
1.47512086769305e-10	1.25073899005242	0.127	0.05	6.91284417106124e-05	C3	chr10-124042890-124043861
1.53608226785459e-10	0.927601337289931	0.281	0.141	7.19852697102431e-05	C3	chr9-38226338-38228010
1.55235780319572e-10	1.03518443196128	0.106	0.048	7.27479884953807e-05	C3	chr20-1122294-1123335
1.61385065491203e-10	1.46118539470077	0.112	0.038	7.5629721856077e-05	C3	chr22-29780694-29782441
1.72765641861263e-10	1.02267158140968	0.264	0.126	8.09629899798018e-05	C3	chr22-42711258-42712725
1.80721193076989e-10	1.4922194385911	0.164	0.055	8.46911919904763e-05	C3	chr12-128761044-128762244
1.80949001575592e-10	1.47640754524379	0.135	0.046	8.47979496593683e-05	C3	chr12-116496917-116497744
1.87064874264019e-10	1.33313851212647	0.187	0.071	8.7664024961473e-05	C3	chr1-31666282-31666830
2.0372464055095e-10	0.781187973212178	0.121	0.066	9.54712745767511e-05	C3	chr19-13012714-13013585
2.19459569390197e-10	0.87475471035322	0.151	0.077	0.000102845118543758	C3	chr5-119323655-119324728
2.23642759673509e-10	0.9364444636646	0.273	0.136	0.000104805482823037	C3	chr12-41708577-41710378
2.3946518897407e-10	1.50193016485174	0.11	0.036	0.00011222033204373	C3	chr1-166306879-166308427
2.48990544508452e-10	1.05410964651965	0.185	0.084	0.000116684189882451	C3	chr5-124935728-124936725
2.61761621663558e-10	0.540266247996587	0.388	0.254	0.000122669086998572	C3	chr8-102787882-102789564
2.6380111196259e-10	1.16717286170883	0.249	0.106	0.000123624851297917	C3	chr5-150599885-150600611
2.64191252205145e-10	1.11023272983467	0.114	0.05	0.000123807682329645	C3	chr17-1810032-1811252
2.95182156865036e-10	1.51644068674252	0.142	0.046	0.000138330918989505	C3	chr16-57315100-57317524
3.11374560295167e-10	1.04018525044644	0.181	0.082	0.000145919148816564	C3	chr21-34844141-34846881
3.27001459990091e-10	1.24227618698907	0.174	0.072	0.000153242367193697	C3	chr17-76491817-76494330
3.3000123894613e-10	0.682943559673321	0.331	0.196	0.000154648150606086	C3	chr8-69832215-69835260
3.35123579213782e-10	1.31306509236153	0.151	0.057	0.000157048627803376	C3	chr21-29091975-29093051
3.41072250386533e-10	1.04448335173189	0.261	0.119	0.000159836347626391	C3	chr2-42964274-42964964
3.53155151316772e-10	1.24738855040812	0.137	0.054	0.000165498745406428	C3	chr1-206503729-206504562
3.60051349616926e-10	1.26455403787257	0.147	0.058	0.00016873050391963	C3	chr17-76550697-76551351
3.74275568747849e-10	1.19113505109801	0.166	0.068	0.000175396385506736	C3	chr12-3137119-3137803
3.95418365197312e-10	0.89712595216434	0.128	0.065	0.000185304513064051	C3	chr3-171873460-171875241
4.28136256896243e-10	1.0306635494666	0.246	0.116	0.000200637065933029	C3	chr12-121059114-121061100
4.44949360430854e-10	1.3036319887209	0.154	0.058	0.00020851617382935	C3	chr1-48039023-48040013
4.47737684060319e-10	1.36954000253678	0.169	0.062	0.000209822863143503	C3	chr11-68832603-68833337
4.58114806487625e-10	1.25274147394032	0.226	0.088	0.000214685883649489	C3	chr12-127125352-127126619
4.60137133198789e-10	0.857709610501849	0.203	0.105	0.000215633604593815	C3	chr8-102893860-102895258
4.77550855168883e-10	1.53956831413357	0.164	0.053	0.000223794179706938	C3	chr2-64591066-64591912
4.95128967741191e-10	1.66701379866299	0.11	0.033	0.000232031793023587	C3	chr4-2922387-2923697
5.02955524279836e-10	0.73009936778774	0.439	0.26	0.000235699544387735	C3	chr1-37476467-37477700
5.29118488417776e-10	0.543451866836033	0.382	0.252	0.000247960268108734	C3	chr10-44973318-44975276
5.30173776150036e-10	1.06625986028289	0.175	0.078	0.000248454806543415	C3	chr3-194941654-194943529
5.6807560493559e-10	1.52395602242093	0.115	0.037	0.000266216702665361	C3	chr7-24783621-24784534
5.72099295942017e-10	1.34478685814277	0.171	0.063	0.000268102320958012	C3	chr17-48915189-48916422
6.69807725405875e-10	1.03420848713941	0.126	0.058	0.00031389132454923	C3	chr7-44979681-44980181
6.72796345367397e-10	0.851456253298829	0.296	0.157	0.000315291878533178	C3	chr1-6358069-6360263
6.75275097720956e-10	0.719084629727121	0.308	0.175	0.000316453493769874	C3	chr10-124091411-124094730
6.77685099912172e-10	1.21060926715798	0.128	0.052	0.000317582890686741	C3	chr1-109891899-109893259
6.9509048417774e-10	1.54602041536027	0.165	0.053	0.00032573955850973	C3	chr2-41930755-41931527
7.40735831521331e-10	1.62293391935734	0.139	0.042	0.00034713029199001	C3	chr1-27883914-27885925
7.62062370693075e-10	1.7864114203947	0.103	0.028	0.000357124526715525	C3	chr20-51448896-51449377
7.87898441477227e-10	1.25060172266968	0.195	0.079	0.000369232058731032	C3	chr19-4228838-4229980
8.34837814206436e-10	1.41321547872288	0.119	0.042	0.000391229210033748	C3	chr22-43126803-43127126
8.35251943289546e-10	1.30513675823954	0.197	0.076	0.000391423282931837	C3	chr5-151067549-151069250
8.38562555329383e-10	0.559577914515598	0.401	0.263	0.000392974731741453	C3	chr1-215635792-215637529
9.3327709567372e-10	1.41874544694346	0.154	0.054	0.00043736071206848	C3	chr2-88852407-88853879
9.80868902734775e-10	0.993691052556757	0.117	0.055	0.000459663613019695	C3	chr18-26918739-26920359
1.00488820917133e-09	1.76455135998108	0.148	0.042	0.00047091975657575	C3	chr3-187011841-187013752
1.04747717382704e-09	0.479680501815674	0.37	0.252	0.000490878180493394	C3	chr7-140229031-140233341
1.14996924163414e-09	0.725265117338324	0.281	0.154	0.000538908935737765	C3	chr12-26237628-26240197
1.15015480361184e-09	1.96847326122781	0.149	0.036	0.000538995895461811	C3	chr22-37306614-37308112
1.25560171595775e-09	1.58974082700568	0.137	0.043	0.000588411376547563	C3	chr19-46992555-46993496
1.27155983695909e-09	0.679168312405312	0.344	0.206	0.000595889814834302	C3	chr10-29658539-29660316
1.28823334576127e-09	1.7044812781099	0.118	0.035	0.000603703504590758	C3	chr12-91406660-91407903
1.46279677389875e-09	1.43266698244766	0.102	0.035	0.000685508989355399	C3	chr21-33301818-33303016
1.4645093681283e-09	1.04028090271153	0.148	0.067	0.000686311560676597	C3	chr12-92403403-92404795
1.49170076461863e-09	1.3872444563453	0.141	0.051	0.000699054237622466	C3	chr5-10576555-10578410
1.51655128669081e-09	1.29836126407135	0.142	0.054	0.000710699912930628	C3	chr5-10631716-10632731
1.6302945806698e-09	1.28524702506127	0.161	0.061	0.000764003319044708	C3	chr12-131249251-131250875
1.77459167498396e-09	2.35229397590111	0.105	0.02	0.000831625122056056	C3	chr17-73316780-73317646
1.81631319393577e-09	1.00069211518888	0.181	0.084	0.000851177035760927	C3	chr21-42093490-42094532
1.8400675505064e-09	1.82207916080257	0.1	0.026	0.000862309016126264	C3	chr8-127723108-127723696
1.94058786679685e-09	1.38145296495782	0.105	0.039	0.000909415751429141	C3	chr9-91588670-91590015
2.01697839649441e-09	1.96707586440268	0.106	0.025	0.000945214568970778	C3	chr5-176440631-176442417
2.05939489461924e-09	1.22104378202339	0.149	0.06	0.000965092170070518	C3	chr2-224022477-224023525
2.08244969751485e-09	1.52856666986573	0.111	0.036	0.000975896319296687	C3	chr12-30828449-30829324
2.10571665645172e-09	0.949958063024205	0.176	0.085	0.000986799890996313	C3	chr17-31595798-31597243
2.15289215783504e-09	0.587944602522492	0.431	0.281	0.00100890769903408	C3	chr9-136900452-136903824
2.16352706771059e-09	1.24481015762845	0.176	0.07	0.00101389152621414	C3	chr5-178452877-178453612
2.22371859691808e-09	1.52008330574979	0.155	0.051	0.00104209902235512	C3	chr2-64203329-64204986
2.37421957221714e-09	1.21202402232191	0.132	0.053	0.00111262814390855	C3	chr20-50277991-50279258
2.39595637759253e-09	1.65929097343824	0.126	0.037	0.00112281464127481	C3	chr11-8342890-8343895
2.39879835459451e-09	0.670436861233274	0.367	0.217	0.00112414647411527	C3	chr16-57937874-57940252
2.59103522668511e-09	0.955671421074078	0.309	0.154	0.00121423424724622	C3	chr5-1139499-1140867
2.7080685122707e-09	1.57204774375823	0.105	0.033	0.0012690794388369	C3	chr6-13383045-13384124
2.72278612189407e-09	0.721221420600538	0.364	0.212	0.0012759765375171	C3	chr5-172732888-172734180
2.73935663769081e-09	1.34929926631218	0.171	0.064	0.00128374196176441	C3	chr3-192818803-192819973
3.14608703016707e-09	1.32601105012033	0.108	0.04	0.00147434761886017	C3	chr1-46174284-46175536
3.18075935602616e-09	1.73970758436955	0.119	0.034	0.00149059607625518	C3	chr15-92074572-92075209
3.19108909437328e-09	1.43507036832916	0.121	0.041	0.00149543689120706	C3	chr1-27135986-27138314
3.58811536655089e-09	1.29931500976927	0.155	0.06	0.00168149491611138	C3	chr10-46526507-46526949
3.63602552968231e-09	1.22229079170939	0.135	0.054	0.00170394700794949	C3	chr11-19776161-19778104
3.68758746892629e-09	1.20603387722963	0.183	0.074	0.00172811042797546	C3	chr8-133918600-133920002
3.71993949794411e-09	1.46377011246706	0.179	0.062	0.00174327152698205	C3	chr4-183729443-183730337
3.91889376499187e-09	1.77126524306797	0.116	0.032	0.00183650726619437	C3	chr10-50538343-50539382
4.05247693675357e-09	1.54783726181627	0.123	0.039	0.00189910821439389	C3	chr5-178361567-178362097
4.15494502493664e-09	1.01928219140294	0.127	0.059	0.00194712773209103	C3	chr7-1075949-1077004
4.25535906151006e-09	1.21318578095982	0.148	0.06	0.0019941846616364	C3	chr7-913987-914791
4.45504277892398e-09	1.62066355998569	0.133	0.041	0.00208776224244437	C3	chr17-10620172-10621446
4.48546861889583e-09	1.17187772715426	0.148	0.062	0.00210202067340453	C3	chr16-85602080-85603500
4.60810976818151e-09	1.18379562545163	0.211	0.086	0.00215949387255313	C3	chr10-103738480-103739949
5.05621583559049e-09	1.10930793936051	0.107	0.047	0.00236948937081693	C3	chr9-108548986-108549681
5.3110827292155e-09	1.49940318644914	0.148	0.049	0.00248892738830953	C3	chr3-143831903-143832824
5.45309390889907e-09	1.52068123762971	0.139	0.045	0.00255547794543346	C3	chr22-24433779-24435141
5.57203324896895e-09	0.781323218677123	0.262	0.142	0.00261121636943107	C3	chr17-81020650-81021630
5.57652102000915e-09	1.28270840627965	0.141	0.056	0.00261331946908587	C3	chr7-74284749-74285183
6.24727286731157e-09	1.69590742951027	0.124	0.035	0.00292765323653535	C3	chr3-140725083-140725843
6.27901204099212e-09	1.12470413103705	0.245	0.108	0.0029425271337581	C3	chr17-40614665-40615916
6.38500585238044e-09	0.722745502307667	0.286	0.165	0.00299219890759519	C3	chr10-7540874-7542160
6.40380120406358e-09	1.11577668095512	0.158	0.067	0.00300100695445911	C3	chr6-12886550-12887964
6.94510140880964e-09	1.05434056818475	0.226	0.102	0.00325467592810905	C3	chr5-139658550-139659522
7.22000797458945e-09	1.88609495326964	0.138	0.036	0.00338350511712388	C3	chr3-64976491-64978093
7.25611851515591e-09	1.03644548015019	0.174	0.078	0.003400427563639	C3	chr17-73339921-73340588
7.42409942781463e-09	1.3567740843857	0.131	0.047	0.00347914829075734	C3	chr1-110634209-110635257
7.52865938412559e-09	0.762767721139666	0.206	0.115	0.00352814811852339	C3	chr18-32906084-32908210
7.54429783855554e-09	1.1893174795253	0.152	0.063	0.00353547675178444	C3	chr6-159576905-159578206
7.9821827310295e-09	1.27723916372896	0.149	0.057	0.00374068231105962	C3	chr7-41106510-41108467
8.0658094869716e-09	1.53741205926721	0.128	0.042	0.00377987223407002	C3	chr9-123364100-123364876
8.16809191200254e-09	1.06002897476989	0.238	0.107	0.00382780474462984	C3	chr15-70195298-70197235
8.29134163533417e-09	1.23902003211042	0.15	0.059	0.00388556313922502	C3	chr11-102602988-102603772
8.54314692552503e-09	1.79842292544507	0.117	0.032	0.00400356640056187	C3	chr1-184160927-184161684
9.28701106026445e-09	1.22088435704447	0.103	0.042	0.00435216270616067	C3	chr15-20244692-20245220
9.39353557600943e-09	1.42149180727784	0.138	0.048	0.00440208318344972	C3	chr10-26780220-26782162
9.43324303825144e-09	1.3825464438187	0.11	0.038	0.00442069125177273	C3	chr5-149001833-149002591
1.016766744517e-08	1.02248559558462	0.139	0.064	0.00476486382716259	C3	chr12-89098241-89099537
1.02442642670942e-08	1.34009460304901	0.117	0.044	0.00480075931922407	C3	chr7-90604484-90605431
1.03918671806682e-08	1.4087229261092	0.123	0.044	0.00486993032500935	C3	chr7-92641695-92642696
1.10783004877486e-08	1.28791117035576	0.201	0.078	0.00519161287927312	C3	chr2-11391255-11392354
1.11721274305534e-08	0.804510520133344	0.309	0.168	0.00523558290565281	C3	chr20-32154643-32155884
1.11880198148591e-08	1.54944294286767	0.102	0.032	0.00524303053781761	C3	chr3-58575747-58578186
1.14671629004009e-08	1.43856831576528	0.128	0.044	0.00537384508285198	C3	chr2-62306588-62307894
1.14762046626846e-08	0.901619307313131	0.22	0.111	0.00537808231486923	C3	chr12-67827002-67828910
1.16622614204797e-08	0.475548347372413	0.472	0.324	0.005465273907218	C3	chr5-160230637-160232359
1.16624471000391e-08	1.30803731315948	0.205	0.08	0.00546536092204422	C3	chr7-134643072-134643745
1.17114340807204e-08	0.924224312370907	0.187	0.092	0.00548831764181392	C3	chr1-153616154-153616801
1.20353062354589e-08	0.718707394478053	0.221	0.125	0.00564009352581686	C3	chr18-38939845-38941797
1.21937852300169e-08	1.56232632284101	0.136	0.043	0.00571436137855758	C3	chr11-1704423-1707570
1.26733471769931e-08	1.69820123851813	0.152	0.045	0.00593909801420711	C3	chr12-89959666-89960992
1.31714844690419e-08	1.37727966119029	0.114	0.041	0.00617253959524266	C3	chr1-56452208-56452564
1.33212826777245e-08	1.54338180119261	0.1	0.033	0.00624273937997937	C3	chr22-42439300-42440282
1.33284261378277e-08	1.26353491355613	0.12	0.046	0.00624608701254408	C3	chr17-2903222-2904584
1.33545056010468e-08	1.40377036826295	0.1	0.035	0.00625830860531297	C3	chr7-74598422-74598956
1.34501320268806e-08	1.16233881147535	0.181	0.075	0.00630312192162503	C3	chr17-79038302-79039076
1.36868403927349e-08	1.0217437085348	0.145	0.067	0.00641405032640696	C3	chr16-11370219-11372277
1.38301354521293e-08	1.1269133979067	0.126	0.054	0.00648120254679589	C3	chr12-57898280-57899650
1.38351098277087e-08	1.30397440358384	0.177	0.068	0.00648353368344931	C3	chr15-67174609-67176529
1.40872194373496e-08	1.46998774397781	0.144	0.049	0.00660167955770569	C3	chr22-39148795-39149091
1.43682244772449e-08	0.837035365424722	0.208	0.108	0.00673336666854679	C3	chr12-47801019-47802651
1.47468634883332e-08	0.62048779380707	0.263	0.157	0.00691080788967412	C3	chr2-173042708-173044534
1.52346655570929e-08	1.66738682719423	0.204	0.062	0.00713940608535488	C3	chrX-69026947-69028207
1.5331685502018e-08	0.723240437520437	0.233	0.135	0.00718487244512518	C3	chr22-42437247-42438603
1.56757224083425e-08	1.9512586057112	0.114	0.028	0.00734609811649915	C3	chr16-70460597-70461710
1.57449437243044e-08	0.884279000336983	0.251	0.131	0.00737853723257705	C3	chr1-212949863-212952916
1.60899734356685e-08	1.10577972463418	0.116	0.05	0.00754022816118387	C3	chr2-235142109-235142955
1.69613996952888e-08	1.22203256688284	0.166	0.067	0.00794860377780349	C3	chr16-14657567-14658723
1.70654830167253e-08	1.21012677266381	0.15	0.061	0.00799738024064497	C3	chr4-38313797-38314987
1.7187807479932e-08	0.771284797832651	0.293	0.162	0.00805470503151304	C3	chr1-221439058-221441255
1.78504664112837e-08	1.11422595025307	0.282	0.126	0.00836524622385347	C3	chr16-56245253-56247234
1.78730650237029e-08	1.12049893672841	0.116	0.049	0.00837583658899285	C3	chr12-31874684-31875707
1.87496361530076e-08	1.41610488682973	0.133	0.047	0.00878662324074781	C3	chr13-99382421-99384078
1.88207110938102e-08	1.10578130803366	0.101	0.044	0.00881993101918117	C3	chr3-119700310-119700969
1.97460030884758e-08	1.39914199891511	0.126	0.045	0.0092535496813493	C3	chr8-26628326-26629287
2.08147908429014e-08	1.06960395721896	0.239	0.107	0.00975441461791805	C3	chr10-42951022-42953402
2.12898205240194e-08	1.57993342675303	0.124	0.039	0.00997702730235071	C3	chr17-4953451-4953921
2.22921882764796e-08	1.5805255070489	0.108	0.034	0.0104467658998184	C3	chr2-200472808-200473381
2.28863111660839e-08	1.29009325011895	0.118	0.045	0.0107251891154507	C3	chr10-71889986-71890575
2.3796584464614e-08	1.51214813907839	0.119	0.039	0.0111517695810676	C3	chr12-27331144-27331718
2.60189504030996e-08	1.87191206279669	0.148	0.039	0.0121932347084542	C3	chr16-57014445-57015301
2.7154286684526e-08	1.12842502012154	0.191	0.082	0.0127252862146827	C3	chr9-98992952-98994074
2.73258881232838e-08	0.786698501121738	0.218	0.119	0.0128057036253264	C3	chr7-75649145-75651115
2.79497807517541e-08	0.816970201781727	0.221	0.116	0.0130980778039138	C3	chr1-206506566-206508306
2.81336416744035e-08	1.54920163770875	0.142	0.046	0.013184240364234	C3	chr3-108005997-108007261
2.84332070794125e-08	0.875483737590827	0.122	0.062	0.013324625400418	C3	chr1-85598656-85599483
2.85113139936494e-08	1.24432217444485	0.125	0.049	0.0133612285655299	C3	chr22-35467599-35468327
2.8604065795841e-08	1.24045521217208	0.114	0.044	0.0134046947498392	C3	chr21-42039067-42041077
2.86475004869734e-08	0.826637498025491	0.259	0.136	0.0134250495057099	C3	chr5-156401860-156403265
2.87318904802526e-08	0.915053288925983	0.119	0.059	0.0134645971038703	C3	chr15-75651219-75651761
2.87611902875308e-08	1.07619161947202	0.227	0.103	0.0134783278432553	C3	chr10-44935337-44936288
2.87661218260039e-08	1.18897836998714	0.108	0.044	0.0134806389051984	C3	chr19-29671406-29671996
2.94392795100958e-08	1.2274658248549	0.162	0.064	0.0137961001175367	C3	chr19-18044596-18045775
2.98068385199157e-08	1.70754768141724	0.155	0.045	0.0139683489287496	C3	chr16-56998690-57001597
3.05095563919271e-08	1.32348463524672	0.105	0.04	0.0142976629023924	C3	chr6-29909458-29910255
3.06837384542706e-08	0.869739727821604	0.173	0.088	0.0143792896680864	C3	chr1-183989046-183989939
3.11970484275344e-08	1.1379056525707	0.208	0.09	0.014619841607547	C3	chr16-23144972-23145925
3.12782830089198e-08	1.21744416667975	0.116	0.047	0.0146579104881871	C3	chr15-43749520-43750182
3.17343279627821e-08	0.739050325840577	0.211	0.118	0.0148716263788706	C3	chr5-139667834-139668784
3.17611429986701e-08	1.85586069346465	0.104	0.027	0.0148841926823238	C3	chr10-81847051-81847961
3.26657413266627e-08	0.766847952777556	0.348	0.199	0.0153081136921726	C3	chr17-76497850-76499480
3.34033738641479e-08	1.53565077317669	0.146	0.048	0.0156537896905818	C3	chr10-24292751-24294110
3.46773492706519e-08	1.38935627391026	0.155	0.057	0.0162508115113563	C3	chr10-123859719-123860709
3.60489192855322e-08	1.08406169880782	0.146	0.064	0.0168935689958597	C3	chr10-69460708-69461971
4.01564315242931e-08	0.702896149720816	0.276	0.162	0.018818468348798	C3	chr7-26346578-26347570
4.07839185947684e-08	1.67707644685577	0.139	0.042	0.0191125269871477	C3	chr11-111732940-111733477
4.09266894236553e-08	1.0930793414251	0.14	0.062	0.0191794335379182	C3	chr5-134094493-134095053
4.23658110024792e-08	1.28884619989117	0.13	0.051	0.0198538476442808	C3	chr1-28594597-28595145
4.27400028133995e-08	1.30123605920346	0.15	0.057	0.0200292047784406	C3	chr11-132024507-132025303
4.53031338117705e-08	0.712997075458927	0.331	0.194	0.0212303622950762	C3	chr8-122969145-122971199
4.60179139619638e-08	1.77232734338337	0.108	0.029	0.0215653290020812	C3	chr12-124721683-124722209
4.60596514686173e-08	0.82690453166941	0.237	0.126	0.0215848884080866	C3	chr3-138361138-138362200
4.6556681771922e-08	1.04299735243035	0.167	0.077	0.021817811222094	C3	chr22-36873326-36874968
4.83412260856972e-08	0.822137828298834	0.261	0.142	0.0226541004393142	C3	chr13-51764084-51765214
4.9865473521445e-08	0.967749982970057	0.187	0.091	0.0233684069908813	C3	chr19-44745238-44745686
5.00539751537426e-08	2.01513024132615	0.117	0.027	0.0234567443223232	C3	chr11-94583212-94584846
5.02091189832801e-08	0.874917419389785	0.13	0.067	0.0235294492200156	C3	chr21-42535563-42536155
5.09920646497988e-08	1.63422951124711	0.169	0.052	0.0238963602647706	C3	chr5-132438910-132439894
5.12772300657211e-08	1.13026832304899	0.146	0.062	0.0240299970484688	C3	chr1-63731234-63732088
5.14495268238929e-08	0.948844074857333	0.151	0.072	0.0241107403059541	C3	chr6-2865619-2866811
5.21621682294083e-08	1.02945166446492	0.178	0.082	0.0244447047351794	C3	chr12-19382020-19382536
5.25040232230224e-08	1.02276092558201	0.172	0.08	0.0246049078989818	C3	chr10-6050461-6051495
5.31959386034914e-08	1.27555835207012	0.137	0.052	0.0249291595118156	C3	chr10-127977373-127978252
5.38319321724153e-08	0.507881941359762	0.244	0.16	0.0252272045420268	C3	chr6-31203313-31205098
5.45373680679649e-08	0.747382749033273	0.126	0.069	0.0255577922603223	C3	chr4-31458485-31459834
5.50264975542558e-08	0.402713626596367	0.22	0.15	0.0257870125223534	C3	chr1-205284065-205285387
5.60203155788283e-08	1.61140882939209	0.128	0.039	0.0262527444693907	C3	chr12-115374452-115375867
5.60888509596724e-08	0.395930328860914	0.379	0.27	0.0262848621363803	C3	chr5-178460179-178461503
5.8000826348542e-08	1.33009724308331	0.15	0.055	0.0271808692508909	C3	chr11-13314991-13316891
5.85172923545196e-08	0.890352147148555	0.15	0.072	0.0274229001988062	C3	chr7-5591497-5592180
5.85442049783844e-08	1.1169440053957	0.194	0.085	0.0274355122348153	C3	chr12-47754821-47755967
6.35305013149571e-08	1.20564017810232	0.101	0.04	0.029772235300727	C3	chr3-196159615-196160949
6.67451675771861e-08	0.895954443803529	0.238	0.121	0.0312787211365292	C3	chr6-44262698-44263843
6.69551051734162e-08	1.04566061077072	0.133	0.061	0.0313771039823129	C3	chr22-32137361-32138437
6.69774285073398e-08	1.15151258851813	0.137	0.058	0.0313875653439662	C3	chr10-97023502-97024505
7.10186334131601e-08	1.37905247908651	0.137	0.049	0.0332813911577758	C3	chr17-17983146-17983804
7.23830793041692e-08	1.48889881976484	0.102	0.033	0.0339208100712335	C3	chr13-110919909-110921925
7.3097870999824e-08	1.00644969633228	0.199	0.094	0.0342557821887765	C3	chr22-42357350-42358155
7.48917098363505e-08	0.645108019790799	0.239	0.142	0.0350964270888991	C3	chr5-18744315-18746649
7.54300614794029e-08	0.508475535240083	0.357	0.233	0.0353487142810311	C3	chr15-92803339-92804598
7.59717148206729e-08	1.68236406530744	0.151	0.045	0.0356025487446971	C3	chr18-51614840-51615755
7.62671107465383e-08	1.61304920359311	0.109	0.034	0.0357409798420395	C3	chr15-40878473-40879493
7.68362141641961e-08	1.14933414020241	0.164	0.071	0.036007678207553	C3	chr4-624747-625860
7.70523549615832e-08	0.467816320109688	0.337	0.229	0.0361089680532918	C3	chr21-45363643-45365074
7.89056077200028e-08	1.10282371648628	0.172	0.076	0.0369774560402172	C3	chr2-240373909-240374811
8.05559133679115e-08	1.02838199587218	0.169	0.078	0.037750837125691	C3	chr5-132475021-132475841
8.28966816785038e-08	1.21080848955386	0.115	0.046	0.0388477890383155	C3	chr2-31429467-31430631
8.32474186341791e-08	1.74611349420247	0.146	0.041	0.0390121545471167	C3	chr5-32530992-32532831
8.32874269701222e-08	1.66174162633733	0.105	0.031	0.0390309036135814	C3	chr15-87815847-87817753
8.71462843719239e-08	1.37928315608203	0.121	0.044	0.0408392760989303	C3	chr1-201476387-201476954
8.83605199732766e-08	1.5685317896203	0.142	0.045	0.0414083021145566	C3	chr1-19087615-19088309
8.90800909440889e-08	0.830536094880876	0.176	0.092	0.0417455139390374	C3	chr1-212595310-212596911
8.92242299737977e-08	0.945014078207909	0.144	0.07	0.0418130616683908	C3	chr3-172591616-172593361
9.09082907814621e-08	1.30382246812737	0.102	0.039	0.0426022614006258	C3	chr17-79931415-79931697
9.16830752864694e-08	0.988054922651235	0.224	0.105	0.0429653478884229	C3	chr4-37661783-37663671
9.55633883282437e-08	1.65488055274099	0.134	0.04	0.0447837751088765	C3	chr12-124412536-124413004
9.86957646089423e-08	0.485288416847957	0.426	0.289	0.046251697472924	C3	chr15-73981518-73983667
9.95911173904297e-08	0.697877814420372	0.249	0.144	0.0466712857515597	C3	chr15-67120679-67121964
1.01282504750576e-07	1.26269492607257	0.167	0.065	0.0474639189187576	C3	chr8-73363992-73365964
1.04051226983267e-07	1.33593247470992	0.105	0.039	0.0487614224499413	C3	chr13-110261207-110262400
1.05257766622368e-07	0.720026825538568	0.23	0.13	0.0493268419144739	C3	chr6-12369642-12370345
