motif	observed	background	percent.observed	percent.background	fold.enrichment	pvalue	motif.name	p.adjust
MA0652.1	1020	1646	32.4015247776366	16.46	1.9685008977908	9.15613491801965e-174	IRF8	6.83047664884266e-171
MA1419.1	876	1420	27.8271918678526	14.2	1.95966139914455	4.27992735220761e-143	IRF4	1.59641290237344e-140
MA0653.1	1140	2125	36.2134688691233	21.25	1.70416324089992	1.83018183181588e-128	IRF9	4.5510521551155e-126
MA0051.1	1180	2272	37.4841168996188	22.72	1.64982908889167	6.51312344266001e-120	IRF2	1.21469752205609e-117
MA0772.1	1216	2416	38.6277001270648	24.16	1.59882864764341	5.1544536333392e-111	IRF7	7.69044482094209e-109
MA0517.1	1836	4263	58.3227445997459	42.63	1.36811505042801	2.66895464371847e-102	STAT1::STAT2	3.31840027368997e-100
MA1418.1	1388	3133	44.0914866581957	31.33	1.40732482151917	9.84325009684409e-76	IRF3	1.04900922460653e-73
MA0050.2	2144	5617	68.1067344345616	56.17	1.21251084982307	5.02537985519023e-61	IRF1	4.68616671496489e-59
MA0107.1	1168	2705	37.1029224904701	27.05	1.37164223624659	1.11289090867905e-51	RELA	9.22462908749525e-50
MA0101.1	1016	2388	32.274459974587	23.88	1.35152679960582	1.64578106364059e-39	REL	1.22775267347588e-37
MA1623.1	1740	4591	55.2731893265565	45.91	1.20394662005133	2.70220543698586e-37	Stat2	1.83258659635586e-35
MA1625.1	980	2453	31.130876747141	24.53	1.26909403779621	6.76373808720718e-25	Stat5b	4.20479051088046e-23
MA0080.5	1904	5307	60.4828462515883	53.07	1.13968053988295	3.49056911016271e-24	SPI1	2.00304965860106e-22
MA0137.3	952	2410	30.2414231257942	24.1	1.25483083509519	4.66085554406693e-22	STAT1	2.48357016848138e-20
MA1622.1	1072	2766	34.0533672172808	27.66	1.23114125875925	5.74701426114633e-22	Smad2::Smad3	2.85818175921011e-20
MA0478.1	992	2531	31.5120711562897	25.31	1.24504429696917	7.92265524535529e-22	FOSL2	3.6939380081469e-20
MA0477.2	912	2299	28.9707750952986	22.99	1.26014680710303	1.26801316822534e-21	FOSL1	5.56434013821239e-20
MA0518.1	1108	2879	35.1969504447268	28.79	1.22254082822948	1.34267510677396e-21	Stat4	5.56464238696319e-20
MA1144.1	820	2037	26.0482846251588	20.37	1.27875722263912	3.13231717266893e-21	FOSL2::JUND	1.22984663726896e-19
MA1138.1	792	1964	25.1588310038119	19.64	1.28099954194562	1.19300438657664e-20	FOSL2::JUNB	4.44990636193088e-19
MA0099.3	900	2301	28.5895806861499	23.01	1.24248503633855	4.49990995326522e-19	FOS::JUN	1.59853944054088e-17
MA0489.1	1000	2599	31.7662007623888	25.99	1.22224704741781	6.43097781430804e-19	JUN(var.2)	2.18068611339718e-17
MA1108.2	636	1547	20.2033036848793	15.47	1.30596662474979	1.93505042654853e-18	MXI1	6.27629399219652e-17
MA1137.1	836	2126	26.5565438373571	21.26	1.2491318832247	3.06024068992565e-18	FOSL1::JUNB	9.51224814451889e-17
MA1134.1	804	2033	25.5400254129606	20.33	1.25627276994396	3.21813889414734e-18	FOS::JUNB	9.60292646013567e-17
MA1135.1	796	2018	25.2858958068615	20.18	1.25301763165815	1.16634720375004e-17	FOSB::JUNB	3.34651928460588e-16
MA0515.1	924	2395	29.3519695044473	23.95	1.2255519626074	1.38988262870577e-17	Sox6	3.84019422597965e-16
MA0818.1	192	369	6.09911054637865	3.69	1.65287548682348	5.75103462541526e-17	BHLHE22	1.53223993948564e-15
MA1640.1	496	1174	15.7560355781449	11.74	1.34208139507196	8.18703221723129e-17	MEIS2(var.2)	2.10604346001881e-15
MA1128.1	928	2420	29.4790343074968	24.2	1.21814191353293	8.85753178602419e-17	FOSL1::JUN	2.14481894604141e-15
MA0619.1	580	1410	18.4243964421855	14.1	1.30669478313372	8.91278650499782e-17	LIN54	2.14481894604141e-15
MA1130.1	880	2289	27.9542566709022	22.89	1.22124319226309	4.15025974801258e-16	FOSL2::JUN	9.67529303755432e-15
MA0144.2	1208	3284	38.3735705209657	32.84	1.16850092938385	1.26119436774673e-15	STAT3	2.85106363133049e-14
MA1420.1	500	1200	15.8831003811944	12	1.32359169843287	1.34002401321573e-15	IRF5	2.94017033487922e-14
MA1141.1	956	2530	30.3684879288437	25.3	1.20033549125864	3.12265530168085e-15	FOS::JUND	6.65571672872547e-14
MA0836.2	520	1262	16.5184243964422	12.62	1.30890843077989	3.81173920820778e-15	CEBPD	7.8987706925639e-14
MA0835.2	956	2532	30.3684879288437	25.32	1.19938735895907	4.03848699854657e-15	BATF3	8.14246297544796e-14
MA0668.1	180	352	5.71791613722999	3.52	1.62440799353125	5.04504788147692e-15	NEUROD2	9.9042255778468e-14
MA0623.2	192	382	6.09911054637865	3.82	1.59662579748132	5.57869785672381e-15	NEUROG1	1.06710476951691e-13
MA0490.2	736	1886	23.3799237611182	18.86	1.23965661511761	6.97671178381711e-15	JUNB	1.30115674768189e-13
MA0462.2	984	2621	31.2579415501906	26.21	1.19259601488709	7.78391666868707e-15	BATF::JUN	1.41629313044892e-13
MA0150.2	856	2242	27.1918678526048	22.42	1.21283977933117	1.07553294098308e-14	Nfe2l2	1.91035136660329e-13
MA0062.3	1476	4131	46.8869123252859	41.31	1.13500150872152	1.13226882008363e-14	GABPA	1.96435474367996e-13
MA1113.2	488	1179	15.5019059720457	11.79	1.3148351121328	1.30835943241108e-14	PBX2	2.21826394676969e-13
MA1634.1	976	2602	31.0038119440915	26.02	1.19153773805117	1.45066270119012e-14	BATF	2.40487638908407e-13
MA1629.1	1516	4260	48.1575603557814	42.6	1.13045916328125	1.73156260065701e-14	Zic2	2.76972088111194e-13
MA1142.1	804	2092	25.5400254129606	20.92	1.22084251495988	1.74499841035203e-14	FOSL1::JUND	2.76972088111194e-13
MA0491.2	724	1859	22.9987293519695	18.59	1.23715596298921	2.19440092864986e-14	JUND	3.41046477660999e-13
MA1559.1	1096	2978	34.8157560355781	29.78	1.16909859085219	7.58540302298636e-14	SNAI3	1.15483890921384e-12
MA1468.1	308	694	9.78398983481576	6.94	1.40979680616942	1.00027442864816e-13	ATOH7	1.49240944754306e-12
MA0830.2	1412	3953	44.853875476493	39.53	1.134679369504	1.1124123857419e-13	TCF4	1.62717576424207e-12
MA0841.1	700	1801	22.2363405336722	18.01	1.23466632613394	1.19624694585728e-13	NFE2	1.70705928917985e-12
MA1570.1	232	494	7.36975857687421	4.94	1.49185396293	1.21279011161571e-13	TFAP4(var.2)	1.70705928917985e-12
MA1558.1	1196	3292	37.992376111817	32.92	1.15408189890088	2.07882768172585e-13	SNAI1	2.87186194549534e-12
MA0700.2	352	819	11.1817026683609	8.19	1.36528726109412	3.35503236079255e-13	LHX2	4.51233898040447e-12
MA0519.1	960	2580	30.4955527318933	25.8	1.18199816790284	3.38727859118834e-13	Stat5a::Stat5b	4.51233898040447e-12
MA0890.1	316	722	10.0381194409149	7.22	1.39032125220428	4.11218093935737e-13	GBX2	5.38190698379052e-12
MA0866.1	420	1011	13.3418043202033	10.11	1.31966412662743	7.00708622630623e-13	SOX21	9.01256262900767e-12
MA1132.1	704	1835	22.3634053367217	18.35	1.21871418728729	2.41652012486759e-12	JUN::JUNB	3.05546442906986e-11
MA0880.1	308	711	9.78398983481576	7.11	1.37608858436227	3.89297129268895e-12	Dlx3	4.84026097390993e-11
MA0496.3	1328	3732	42.1855146124524	37.32	1.13037284599283	6.43873469684365e-12	MAFK	7.87425587515633e-11
MA0820.1	792	2104	25.1588310038119	21.04	1.19576192983897	7.47994608431221e-12	FIGLA	8.97863729011137e-11
MA0501.1	796	2116	25.2858958068615	21.16	1.19498562414279	7.58249529861952e-12	MAF::NFE2	8.97863729011137e-11
MA1508.1	1528	4359	48.5387547649301	43.59	1.11352958855082	8.38314713919987e-12	IKZF1	9.77160588412985e-11
MA0606.1	844	2261	26.8106734434562	22.61	1.18578829913561	9.55487462940844e-12	NFAT5	1.09660561131365e-10
MA0018.4	632	1636	20.0762388818297	16.36	1.22715396588201	1.13787543796064e-11	CREB1	1.2861440556343e-10
MA0745.2	1000	2736	31.7662007623888	27.36	1.16104534950252	1.75263694871125e-11	SNAI2	1.95144352796805e-10
MA0476.1	916	2491	29.0978398983482	24.91	1.16811882369924	4.53028027980654e-11	FOS	4.96998395402306e-10
MA1527.1	952	2603	30.2414231257942	26.03	1.16179113045694	6.44410987850736e-11	NFIC(var.2)	6.96711010053114e-10
MA0640.2	1480	4232	47.0139771283354	42.32	1.11091628375084	7.51717678348121e-11	ELF3	8.01116268639569e-10
MA0035.4	348	840	11.0546378653113	8.4	1.31602831729897	1.34414954846236e-10	GATA1	1.41230361007454e-09
MA0787.1	552	1422	17.5349428208386	14.22	1.23311834183113	1.40148013032841e-10	POU3F2	1.45208913503471e-09
MA0784.1	608	1587	19.3138500635324	15.87	1.21700378472164	1.7560741650931e-10	POU1F1	1.79456346186227e-09
MA0687.1	1012	2797	32.1473951715375	27.97	1.14935270545361	2.18805683855448e-10	SPIC	2.20579783994816e-09
MA0817.1	184	398	5.84498094027954	3.98	1.46858817594963	2.42009826255027e-10	BHLHE23	2.40719107181667e-09
MA0788.1	552	1427	17.5349428208386	14.27	1.2287976749011	2.7140308897376e-10	POU3F3	2.66403558387401e-09
MA0461.2	192	421	6.09911054637865	4.21	1.44871984474552	4.01442264576429e-10	Atoh1	3.88929778407813e-09
MA0655.1	640	1692	20.3303684879288	16.92	1.20155842127239	6.73252455133268e-10	JDP2	6.43905553242843e-09
MA1647.1	1016	2821	32.274459974587	28.21	1.1440786945972	6.95057861288637e-10	PRDM4	6.56345777875093e-09
MA1633.1	1004	2787	31.8932655654384	27.87	1.14435829083023	8.90210060391717e-10	BACH1	8.30120881315276e-09
MA0785.1	532	1380	16.8996188055909	13.8	1.22461005837615	1.15482228827359e-09	POU2F1	1.06357707043469e-08
MA0737.1	628	1667	19.9491740787802	16.67	1.19671110250631	2.26602574163679e-09	GLIS3	2.0615307356842e-08
MA0764.2	1608	4675	51.0800508259212	46.75	1.0926214080411	2.34680491369978e-09	ETV4	2.10659088099049e-08
MA0488.1	616	1632	19.5679796696315	16.32	1.19901836210977	2.37203262738876e-09	JUN	2.10659088099049e-08
MA0867.2	808	2204	25.6670902160102	22.04	1.16456852159756	2.44096731234317e-09	SOX4	2.14230778236236e-08
MA0792.1	492	1270	15.6289707750953	12.7	1.23062762008624	2.57030318440125e-09	POU5F1B	2.22958857623644e-08
MA1632.1	636	1692	20.2033036848793	16.92	1.19404868113944	2.65202910786639e-09	ATF2	2.27403875226244e-08
MA1654.1	1168	3302	37.1029224904701	33.02	1.12364998456905	2.71375780794484e-09	ZNF16	2.30052650537142e-08
MA1624.1	848	2327	26.9377382465057	23.27	1.15761659847468	3.15932364015633e-09	Stat5a	2.64815217478272e-08
MA0709.1	308	749	9.78398983481576	7.49	1.30627367621038	4.51284948128953e-09	Msx3	3.74065079226887e-08
MA0826.1	164	359	5.20965692503177	3.59	1.45115791783615	6.83692322182773e-09	OLIG1	5.60373891780767e-08
MA0778.1	888	2456	28.2083862770013	24.56	1.14854992984533	6.91077721767166e-09	NFKB2	5.60373891780767e-08
MA1631.1	1444	4178	45.8703939008895	41.78	1.09790315703421	1.14361378225198e-08	ASCL1(var.2)	9.17350410279549e-08
MA1568.1	204	468	6.48030495552732	4.68	1.38468054605285	1.17396986181484e-08	TCF21(var.2)	9.31682464801987e-08
MA0650.2	464	1201	14.7395171537484	12.01	1.22727037083667	1.23700251280694e-08	HOXA13	9.713724995305e-08
MA1648.1	1284	3682	40.7878017789072	36.82	1.10776213413654	1.55750555540063e-08	TCF12(var.2)	1.21031160867591e-07
MA0827.1	196	448	6.22617534942821	4.48	1.38977128335451	1.62959078973292e-08	OLIG3	1.25327291663995e-07
MA0089.2	768	2103	24.3964421855146	21.03	1.16007808775628	1.67385729804613e-08	NFE2L1	1.27418116769634e-07
MA0467.1	496	1297	15.7560355781449	12.97	1.21480613555473	1.7760862406208e-08	Crx	1.33834377323548e-07
MA1535.1	660	1781	20.9656925031766	17.81	1.17718655267696	1.86435694603257e-08	NR2C1	1.3908102817403e-07
MA1505.1	192	440	6.09911054637865	4.4	1.38616148781333	2.91361822314548e-08	HOXC8	2.15203880640251e-07
MA0112.3	688	1875	21.8551461245235	18.75	1.16560779330792	5.41856286999642e-08	ESR1	3.96298813825228e-07
MA0154.4	1332	3848	42.3125794155019	38.48	1.09959925715961	5.72058006994362e-08	EBF1	4.14325507978441e-07
MA0761.2	1368	3963	43.4561626429479	39.63	1.09654712699843	6.92746385299609e-08	ETV1	4.96912310993758e-07
MA0868.2	436	1135	13.8500635324015	11.35	1.22026991474903	8.38192915951151e-08	SOX8	5.95516109809103e-07
MA0669.1	244	589	7.75095298602287	5.89	1.31595127097163	9.91523530161262e-08	NEUROG2	6.97808069339907e-07
MA1639.1	404	1044	12.8335451080051	10.44	1.22926677279742	1.04503261071435e-07	MEIS1(var.2)	7.2859282952608e-07
MA0789.1	440	1149	13.9771283354511	11.49	1.21646025547877	1.11876516540785e-07	POU3F4	7.72776679068753e-07
MA0081.2	1668	4917	52.9860228716646	49.17	1.07760876289739	1.28222591849622e-07	SPIB	8.77560124035025e-07
MA0869.1	508	1350	16.1372299872935	13.5	1.19535036942915	1.41431980044417e-07	Sox11	9.59165973755773e-07
MA1119.1	604	1635	19.1867852604828	16.35	1.17350368565644	1.56988507986538e-07	SIX2	1.05507591854015e-06
MA0598.3	1336	3874	42.4396442185515	38.74	1.09549933450055	1.59397914430948e-07	EHF	1.06170396576328e-06
MA0656.1	376	967	11.9440914866582	9.67	1.23516975043001	1.71157519238135e-07	JDP2(var.2)	1.12994256063406e-06
MA0125.1	192	449	6.09911054637865	4.49	1.35837651367008	1.76477792702568e-07	Nobox	1.15484590663259e-06
MA0647.1	288	716	9.14866581956798	7.16	1.27774662284469	1.78494094329826e-07	GRHL1	1.15788342930479e-06
MA0102.4	520	1390	16.5184243964422	13.9	1.18837585585915	2.35255907128579e-07	CEBPA	1.51293885101655e-06
MA1628.1	1524	4471	48.4116899618806	44.71	1.08279333397183	2.58876142353283e-07	Zic1::Zic2	1.65061198457734e-06
MA0522.3	1264	3657	40.1524777636595	36.57	1.09796220299862	2.81426410245245e-07	TCF3	1.77918730544875e-06
MA0896.1	336	857	10.6734434561626	8.57	1.24544264365958	3.30614034803206e-07	Hmx1	2.0725888232201e-06
MA1500.1	248	608	7.87801778907243	6.08	1.29572661004481	3.60605693156884e-07	HOXB6	2.24176539245863e-06
MA0029.1	484	1288	15.3748411689962	12.88	1.19369884852455	3.64605447748343e-07	Mecom	2.24789804975425e-06
MA1155.1	836	2343	26.5565438373571	23.43	1.13344190513688	3.86577401796861e-07	ZSCAN4	2.36382575197097e-06
MA0678.1	172	399	5.46378653113088	3.99	1.36937005792754	4.16356635139295e-07	OLIG2	2.52521991718629e-06
MA0078.1	400	1044	12.7064803049555	10.44	1.21709581465091	4.38288722164237e-07	Sox17	2.63680150592355e-06
MA0666.1	272	677	8.64040660736976	6.77	1.2762786716942	4.52450529488961e-07	MSX1	2.65770153542334e-06
MA0708.1	272	677	8.64040660736976	6.77	1.2762786716942	4.52450529488961e-07	MSX2	2.65770153542334e-06
MA0876.1	272	677	8.64040660736976	6.77	1.2762786716942	4.52450529488961e-07	BSX	2.65770153542334e-06
MA0258.2	912	2582	28.9707750952986	25.82	1.12202846999607	6.99575463202904e-07	ESR2	4.07721324647942e-06
MA0885.1	200	480	6.35324015247776	4.8	1.32359169843287	9.19369314059871e-07	Dlx2	5.31666285495088e-06
MA0882.1	260	648	8.25921219822109	6.48	1.27456978367609	9.3913318492793e-07	DLX6	5.38917966120182e-06
MA0109.1	284	718	9.02160101651842	7.18	1.25649039227276	1.23051193332079e-06	HLTF	7.00734276532295e-06
MA0879.1	248	616	7.87801778907243	6.16	1.27889899173254	1.24319442615335e-06	Dlx1	7.02593213568486e-06
MA1509.1	204	494	6.48030495552732	4.94	1.31180262257638	1.50936285138731e-06	IRF6	8.46605027921003e-06
MA1578.1	876	2483	27.8271918678526	24.83	1.12070849246285	1.67622929851993e-06	VEZF1	9.33184370668558e-06
MA0854.1	256	642	8.13214739517154	6.42	1.26668962541613	2.04242108886073e-06	Alx1	1.12862676465934e-05
MA1101.2	612	1686	19.440914866582	16.86	1.15307917358137	2.11078202749085e-06	BACH2	1.15782602390307e-05
MA0706.1	336	872	10.6734434561626	8.72	1.22401874497278	2.26548150308223e-06	MEOX2	1.2281407042344e-05
MA0508.3	1332	3899	42.3125794155019	38.99	1.08521619429346	2.27189567271243e-06	PRDM1	1.2281407042344e-05
MA0605.2	332	861	10.5463786531131	8.61	1.22489879827097	2.4281820088665e-06	ATF3	1.30318257454274e-05
MA0591.1	888	2525	28.2083862770013	25.25	1.11716381295055	2.52060568297621e-06	Bach1::Mafk	1.34312274250018e-05
MA1514.1	1552	4594	49.3011435832275	45.94	1.07316376976986	2.72197834509683e-06	KLF17	1.44013889747676e-05
MA0155.1	1260	3679	40.0254129606099	36.79	1.08794272793177	3.20232013163793e-06	INSM1	1.68234564662106e-05
MA0786.1	540	1476	17.15374841169	14.76	1.16217807667276	3.43960629958063e-06	POU3F1	1.79436804159941e-05
MA0683.1	508	1381	16.1372299872935	13.81	1.16851773984747	3.52666096601181e-06	POU4F2	1.82700630600334e-05
MA0628.1	220	546	6.98856416772554	5.46	1.27995680727574	4.74699804332282e-06	POU6F1	2.44224864849574e-05
MA1421.1	704	1973	22.3634053367217	19.73	1.13347214073602	4.85634892514918e-06	TCF7L1	2.47435667507055e-05
MA0139.1	1372	4036	43.5832274459975	40.36	1.07986192879082	4.87574304605055e-06	CTCF	2.47435667507055e-05
MA0499.2	1052	3039	33.418043202033	30.39	1.0996394604157	4.94332564533402e-06	MYOD1	2.49170333203998e-05
MA0875.1	268	684	8.5133418043202	6.84	1.2446406146667	6.00491632137846e-06	BARX1	3.00648830587136e-05
MA0002.2	956	2748	30.3684879288437	27.48	1.10511237004526	7.14181835492251e-06	RUNX1	3.55186432851479e-05
MA0752.1	304	790	9.6569250317662	7.9	1.22239557364129	8.17229052558525e-06	ZNF410	4.01087416584645e-05
MA0907.1	304	790	9.6569250317662	7.9	1.22239557364129	8.17229052558525e-06	HOXC13	4.01087416584645e-05
MA1127.1	372	989	11.8170266836086	9.89	1.1948459740757	9.21205726317241e-06	FOSB::JUN	4.491630534854e-05
MA0593.1	700	1969	22.2363405336722	19.69	1.12932151009	9.31698476054036e-06	FOXP2	4.51329261776825e-05
MA0495.3	636	1779	20.2033036848793	17.79	1.13565506941424	1.25224105169329e-05	MAFF	6.02691499718187e-05
MA1149.1	788	2241	25.0317662007624	22.41	1.11699090587962	1.28529559641137e-05	RARA::RXRG	6.14634945463387e-05
MA0667.1	448	1219	14.2312579415502	12.19	1.16745348166942	1.65968876503787e-05	MYF6	7.88616445043471e-05
MA1656.1	1128	3296	35.8322744599746	32.96	1.08714424939243	2.02448571175683e-05	ZNF449	9.558647727662e-05
MA1630.1	1648	4932	52.3506988564168	49.32	1.06144969295249	2.17894780557044e-05	Znf281	0.000102232393896576
MA0832.1	532	1474	16.8996188055909	14.74	1.14651416591525	2.44349943766964e-05	Tcf21	0.000113928161281347
MA1471.1	488	1344	15.5019059720457	13.44	1.15341562292007	2.83683724957079e-05	BARX2	0.00013073403242824
MA0766.2	368	988	11.6899618805591	9.88	1.18319452232379	2.8389964146615e-05	GATA5	0.00013073403242824
MA0883.1	292	768	9.27573062261754	7.68	1.20777742481999	3.66210973293937e-05	Dmbx1	0.000167603304341888
MA0037.3	340	909	10.8005082592122	9.09	1.18817472598594	3.97980125594173e-05	GATA3	0.000181032422983691
MA0734.2	1008	2935	32.0203303684879	29.35	1.09098229534882	4.16198091885298e-05	GLI2	0.000188171985785716
MA1566.1	684	1941	21.728081321474	19.41	1.1194271675154	4.4654263769398e-05	TBX3	0.000200675185373319
MA0083.3	236	608	7.49682337992376	6.08	1.23303016117167	4.58678522972917e-05	SRF	0.000204894717447782
MA0009.2	216	551	6.86149936467599	5.51	1.24528119141125	4.76596823501862e-05	TBXT	0.00021163168472166
MA0607.1	232	597	7.36975857687421	5.97	1.23446542326201	4.87749891252322e-05	Bhlha15	0.000215302614718481
MA0145.3	212	540	6.73443456162643	5.4	1.2471175114123	5.03985195739195e-05	TFCP2	0.000221160562365553
MA0739.1	588	1652	18.6785260482846	16.52	1.13066138306808	5.23471757462291e-05	Hic1	0.000228368380740859
MA0036.3	452	1245	14.3583227445997	12.45	1.15327893530922	5.98488242995282e-05	GATA2	0.000259576877485163
MA0661.1	236	612	7.49682337992376	6.12	1.22497114051042	7.5244087837862e-05	MEOX1	0.000324462945243035
MA1152.1	764	2193	24.2693773824651	21.93	1.10667475524236	7.72611266949182e-05	SOX15	0.000331245979967868
MA1502.1	224	578	7.1156289707751	5.78	1.23107767660469	8.04151039882178e-05	HOXB8	0.000342798100429774
MA0048.2	1012	2959	32.1473951715375	29.59	1.08642768406683	8.51284937203327e-05	NHLH1	0.000360828729064592
MA1131.1	408	1120	12.9606099110546	11.2	1.15719731348702	0.00010306170672654	FOSL2::JUN(var.2)	0.000434373069028243
MA1104.2	444	1229	14.1041931385006	12.29	1.14761538962576	0.000117920056030685	GATA6	0.00049420427976905
MA0649.1	404	1110	12.8335451080051	11.1	1.15617523495541	0.00012202887353337	HEY2	0.000508567260647454
MA0665.1	640	1822	20.3303684879288	18.22	1.11582703007293	0.000129840525919994	MSC	0.000538116846312863
MA0514.1	1124	3316	35.705209656925	33.16	1.07675541788073	0.000141280442905814	Sox3	0.000582293980153245
MA1531.1	768	2216	24.3964421855146	22.16	1.10092248129579	0.000156737396997115	NR1D1	0.000642451088790372
MA0513.1	1080	3181	34.3074968233799	31.81	1.07851294634957	0.000159101201481904	SMAD2::SMAD3::SMAD4	0.000648576482543718
MA0725.1	148	367	4.70139771283355	3.67	1.28103479913721	0.000163535219223597	VSX1	0.000656022723183434
MA0726.1	148	367	4.70139771283355	3.67	1.28103479913721	0.000163535219223597	VSX2	0.000656022723183434
MA1497.1	264	700	8.38627700127065	7	1.19803957161009	0.000163944113119314	HOXA6	0.000656022723183434
MA0473.3	1420	4247	45.1080050825921	42.47	1.0621145533928	0.000164445374310056	ELF1	0.000656022723183434
MA0756.1	280	748	8.89453621346887	7.48	1.18910911944771	0.000186746562466882	ONECUT2	0.000737105479366636
MA1562.1	280	748	8.89453621346887	7.48	1.18910911944771	0.000186746562466882	SOX14	0.000737105479366636
MA0858.1	548	1548	17.4078780177891	15.48	1.12453992362979	0.000188793026316132	Rarb(var.2)	0.00074126104016755
MA1592.1	576	1633	18.297331639136	16.33	1.12047346228634	0.00019110418953777	ZNF274	0.000746406939241761
MA0073.1	1848	5610	58.7039390088945	56.1	1.04641602511398	0.000200685513417224	RREB1	0.000779746838589841
MA0625.1	684	1963	21.728081321474	19.63	1.10688137144544	0.000206735223204933	NFATC3	0.000799090551869844
MA0801.1	628	1796	19.9491740787802	17.96	1.1107557950323	0.000268523037969055	MGA	0.00102727275038418
MA0803.1	628	1796	19.9491740787802	17.96	1.1107557950323	0.000268523037969055	TBX15	0.00102727275038418
MA0117.2	508	1432	16.1372299872935	14.32	1.12690153542553	0.000272077721471664	Mafb	0.00103556112356052
MA0699.1	252	670	8.00508259212198	6.7	1.19478844658537	0.000280821895177866	LBX2	0.00106341692285629
MA0100.3	460	1288	14.6124523506989	12.88	1.13450717008532	0.000287019294355576	MYB	0.00108139592721848
MA0718.1	256	682	8.13214739517154	6.82	1.19239697876416	0.000290281138482012	RAX	0.00108818959451046
MA1124.1	736	2128	23.3799237611182	21.28	1.09868062787209	0.000299145288209957	ZNF24	0.00111177366767917
MA1518.1	260	694	8.25921219822109	6.94	1.19008821300016	0.000299552958717847	LHX1	0.00111177366767917
MA0899.1	488	1373	15.5019059720457	13.73	1.12905360320799	0.000301532290820439	HOXA10	0.00111357964827746
MA0627.2	600	1714	19.0597204574333	17.14	1.11200236041034	0.000335445474501546	POU2F3	0.00122111040370809
MA0630.1	216	567	6.86149936467599	5.67	1.21014098142434	0.00034047046108751	SHOX	0.00122111040370809
MA0654.1	216	567	6.86149936467599	5.67	1.21014098142434	0.00034047046108751	ISX	0.00122111040370809
MA0716.1	216	567	6.86149936467599	5.67	1.21014098142434	0.00034047046108751	PRRX1	0.00122111040370809
MA0717.1	216	567	6.86149936467599	5.67	1.21014098142434	0.00034047046108751	RAX2	0.00122111040370809
MA0720.1	216	567	6.86149936467599	5.67	1.21014098142434	0.00034047046108751	Shox2	0.00122111040370809
MA1525.1	652	1873	20.7115628970775	18.73	1.10579620379485	0.000344537755488796	NFATC4	0.00122978548131408
MA0103.3	1368	4098	43.4561626429479	40.98	1.06042368577228	0.000354257893884812	ZEB1	0.001258458994467
MA0609.2	380	1051	12.0711562897077	10.51	1.14854008465345	0.000359577964346031	CREM	0.00127130408247459
MA0773.1	832	2427	26.4294790343075	24.27	1.08897729848815	0.000371145579778139	MEF2D	0.00130601227601175
MA1491.1	976	2873	31.0038119440915	28.73	1.07914416791129	0.000375839616304642	GLI3	0.00131632090968668
MA1563.1	376	1040	11.9440914866582	10.4	1.1484703352556	0.000389143730986073	SOX18	0.00135654777250285
MA1567.1	592	1692	18.8055908513342	16.92	1.11144153967696	0.000393260868025364	TBX6	0.00136452375603219
MA0149.1	2048	6266	65.0571791613723	62.66	1.03825692884412	0.00041212493820968	EWSR1-FLI1	0.00142335742548343
MA0898.1	384	1065	12.1982210927573	10.65	1.14537287255937	0.000426287187177166	Hmx3	0.00146548498448924
MA0707.1	396	1101	12.579415501906	11.01	1.14254455058183	0.000429611985511905	MNX1	0.00147014009721046
MA0893.2	236	628	7.49682337992376	6.28	1.19376168470124	0.000463239440248637	GSX2	0.00157797544486522
MA1604.1	1144	3401	36.3405336721728	34.01	1.06852495360696	0.000477614899562751	Ebf2	0.00161954870488097
MA0738.1	872	2556	27.700127064803	25.56	1.08372954087649	0.000506156846042982	HIC2	0.00170856564320391
MA0838.1	256	688	8.13214739517154	6.88	1.18199816790284	0.000536810899050104	CEBPG	0.00180387806617738
MA1657.1	488	1383	15.5019059720457	13.83	1.12088980275096	0.000625607633773467	ZNF652	0.00209283988697312
MA1109.1	796	2326	25.2858958068615	23.26	1.08709784208347	0.000663882788392607	NEUROD1	0.00221096678634324
MA1643.1	1188	3550	37.7382465057179	35.5	1.06304919734417	0.000841022317655489	NFIB	0.00278845621764886
MA0624.1	684	1986	21.728081321474	19.86	1.09406250359889	0.000873504999510979	NFATC1	0.00288333951166013
MA0040.1	472	1340	14.9936467598475	13.4	1.11892886267519	0.00091661318537349	Foxq1	0.00301230588673403
MA0897.1	372	1039	11.8170266836086	10.39	1.13734616781604	0.000945404763095358	Hmx2	0.00309329804065411
MA0492.1	536	1536	17.0266836086404	15.36	1.10850804743753	0.00102529194743791	JUND(var.2)	0.0033400340296449
MA0804.1	212	566	6.73443456162643	5.66	1.18982942784919	0.00108462740579736	TBX19	0.0035179654118471
MA0660.1	740	2163	23.5069885641677	21.63	1.08677709496846	0.00114611700703276	MEF2B	0.00370131293180278
MA0091.1	468	1332	14.866581956798	13.32	1.11610975651636	0.00121738085223282	TAL1::TCF3	0.00391450911967966
MA0161.2	772	2263	24.5235069885642	22.63	1.08367242547787	0.00123077161208363	NFIC	0.0039405820713064
MA0768.1	624	1808	19.8221092757306	18.08	1.09635560153377	0.0012502363212954	LEF1	0.00398579613541182
MA0790.1	532	1527	16.8996188055909	15.27	1.10672028851283	0.00125876207508832	POU4F1	0.00399590003411017
MA0618.1	272	745	8.64040660736976	7.45	1.1597861217946	0.00134978243302244	LBX1	0.00426668514845229
MA0722.1	200	534	6.35324015247776	5.34	1.18974534690595	0.00149268618128656	VAX1	0.00467875584554525
MA0723.1	200	534	6.35324015247776	5.34	1.18974534690595	0.00149268618128656	VAX2	0.00467875584554525
MA0743.2	540	1555	17.15374841169	15.55	1.10313494608939	0.00158070661607915	SCRT1	0.0049339097150777
MA1606.1	608	1763	19.3138500635324	17.63	1.09551049708068	0.00158731679841642	Foxf1	0.0049339097150777
MA0468.1	376	1060	11.9440914866582	10.6	1.126801083647	0.00186054122449578	DUX4	0.00575918569906163
MA0791.1	520	1497	16.5184243964422	14.97	1.10343516342299	0.00190570044505722	POU4F3	0.00587459723972186
MA0796.1	452	1291	14.3583227445997	12.91	1.11218611499611	0.00201719494807197	TGIF1	0.00619270547844316
MA0077.1	332	929	10.5463786531131	9.29	1.13523989807461	0.00204414394619014	SOX9	0.00624971878630264
MA0744.2	572	1658	18.1702668360864	16.58	1.09591476695334	0.00216381279331564	SCRT2	0.0065885891584223
MA0903.1	320	894	10.1651842439644	8.94	1.13704521744568	0.00220333721680715	HOXB3	0.00668166489324445
MA0659.2	636	1856	20.2033036848793	18.56	1.08854006922841	0.00237857047185632	MAFG	0.00718386061540411
MA0911.1	196	527	6.22617534942821	5.27	1.18143744770934	0.00241087965387162	Hoxa11	0.00725208153946867
MA1139.1	272	752	8.64040660736976	7.52	1.14899024034172	0.0024656806046787	FOSL2::JUNB(var.2)	0.00738713948229042
MA0805.1	544	1575	17.2808132147395	15.75	1.09719448982473	0.00253431497161778	TBX1	0.00756239587530747
MA0105.4	812	2401	25.7941550190597	24.01	1.07430883044813	0.00259120221215606	NFKB1	0.00770134203294191
MA0032.2	620	1809	19.6950444726811	18.09	1.08872550982206	0.00268360670343407	FOXC1	0.00794432778080086
MA0901.2	708	2082	22.4904701397713	20.82	1.08023391641553	0.00297773831553161	HOXB13	0.00878020862998649
MA0777.1	116	297	3.6848792884371	2.97	1.24070009711687	0.00299731820568635	MYBL2	0.00880314717103156
MA0463.2	492	1420	15.6289707750953	14.2	1.10063174472502	0.00319164884109729	BCL6	0.00933713739395521
MA0106.3	288	803	9.14866581956798	8.03	1.13931081190137	0.00320590712260811	TP53	0.00934221372447518
MA0881.1	244	672	7.75095298602287	6.72	1.15341562292007	0.00325600905257647	Dlx4	0.00945129475961885
MA1126.1	360	1020	11.43583227446	10.2	1.12116002690784	0.00335052911152638	FOS::JUN(var.2)	0.00968796402014993
MA0681.2	556	1619	17.6620076238882	16.19	1.09092079208698	0.00384674027675653	PHOX2B	0.011045236958315
MA0816.1	996	2982	31.6391359593393	29.82	1.06100388864317	0.00384954639297843	Ascl2	0.011045236958315
MA0755.1	116	300	3.6848792884371	3	1.2282930961457	0.00439896487010032	CUX2	0.0125732865635818
MA1123.2	624	1831	19.8221092757306	18.31	1.08258379441456	0.00452450036702917	TWIST1	0.0128827376862739
MA1542.1	360	1025	11.43583227446	10.25	1.11569095360585	0.00471957420632956	OSR1	0.0133870812088283
MA1501.1	232	641	7.36975857687421	6.41	1.14972832712546	0.00483988789590025	HOXB7	0.0136763498876575
MA0727.1	352	1002	11.1817026683609	10.02	1.11593839005597	0.00511597180991331	NR3C2	0.014401943283756
MA1145.1	384	1099	12.1982210927573	10.99	1.10993822500066	0.005136561009109	FOSL2::JUND(var.2)	0.0144055432811854
MA1642.1	748	2217	23.7611181702668	22.17	1.07176897475268	0.00521981062194495	NEUROG2(var.2)	0.0145841899774192
MA0762.1	504	1467	16.010165184244	14.67	1.09135413662195	0.00581026245783985	ETV2	0.0161733425132408
MA1495.1	112	291	3.55781448538755	2.91	1.22261666164521	0.0059887661853985	HOXA1	0.0165341263758461
MA0904.2	112	291	3.55781448538755	2.91	1.22261666164521	0.0059887661853985	HOXB5	0.0165341263758461
MA0914.1	336	956	10.6734434561626	9.56	1.11646898077015	0.0060063649435044	ISL2	0.0165341263758461
MA0823.1	420	1212	13.3418043202033	12.12	1.1008089373105	0.00639863473351983	HEY1	0.0175491967323742
MA1470.1	220	609	6.98856416772554	6.09	1.14754748238515	0.00659732076171992	BACH2(var.2)	0.0180278435466779
MA0465.2	480	1396	15.2477763659466	13.96	1.09224759068386	0.00667944280866752	CDX2	0.0181856362600948
MA0731.1	532	1557	16.8996188055909	15.57	1.08539619817539	0.00726264089494938	BCL6B	0.0197015640277536
MA0143.4	400	1155	12.7064803049555	11.55	1.10012816493121	0.00810153487739473	SOX2	0.0218976268787553
MA1153.1	432	1253	13.722998729352	12.53	1.09521139100973	0.00827689682757161	Smad4	0.0222194035902619
MA1154.1	668	1979	21.2198221092757	19.79	1.07224972760362	0.00828015308055338	ZNF282	0.0222194035902619
MA0698.1	728	2165	23.1257941550191	21.65	1.06816601177917	0.00832544919374022	ZBTB18	0.0222608784893556
MA1552.1	364	1046	11.5628970775095	10.46	1.1054394911577	0.00837451137557329	RARB(var.3)	0.0223120910220631
MA1105.2	560	1646	17.7890724269377	16.46	1.08074559094397	0.00843505611136045	GRHL2	0.0223934229860317
MA1467.1	768	2290	24.3964421855146	22.9	1.06534682032815	0.00864156571337861	ATOH1(var.2)	0.0227848533958242
MA1603.1	376	1083	11.9440914866582	10.83	1.10287086672744	0.00864358379493061	Dmrt1	0.0227848533958242
MA1597.1	984	2964	31.2579415501906	29.64	1.05458642207121	0.00883171805485642	ZNF528	0.0231988086933905
MA0892.1	288	817	9.14866581956798	8.17	1.11978773801322	0.00901568537953756	GSX1	0.0235989519057369
MA1581.1	1216	3694	38.6277001270648	36.94	1.04568760495573	0.00951875061514487	ZBTB6	0.0248286292269163
MA0894.1	204	566	6.48030495552732	5.66	1.14493020415677	0.00968302158870203	HESX1	0.0251691083803893
MA1117.1	592	1748	18.8055908513342	17.48	1.07583471689555	0.00996215727248226	RELB	0.0258047546016381
MA0822.1	456	1330	14.4853875476493	13.3	1.0891268832819	0.0101064222847354	HES7	0.0260878582159607
MA0597.1	868	2607	27.5730622617535	26.07	1.05765486236109	0.0110050524506665	THAP1	0.0283095487179213
MA0611.1	380	1101	12.0711562897077	11.01	1.09638113439671	0.0122029924856008	Dux	0.0312832728325024
MA0483.1	836	2510	26.5565438373571	25.1	1.05802963495446	0.0123459567873389	Gfi1b	0.0315413827512152
MA0730.1	664	1976	21.0927573062262	19.76	1.06744723209647	0.012745006693695	RARA(var.2)	0.0324497440051075
MA1565.1	924	2786	29.3519695044473	27.86	1.0535523870943	0.0129824327348327	TBX18	0.0329418191162762
MA1125.1	1480	4537	47.0139771283354	45.37	1.03623489372571	0.0133540247236587	ZNF384	0.0337698387927098
MA0757.1	400	1165	12.7064803049555	11.65	1.09068500471721	0.0143697062337924	ONECUT3	0.0362155434135445
MA1112.2	704	2103	22.3634053367217	21.03	1.06340491377659	0.0144621698753795	NR4A1	0.0363258542997748
MA0633.1	268	764	8.5133418043202	7.64	1.11431175449217	0.0148879757648714	Twist2	0.0372698990623962
MA0847.2	624	1856	19.8221092757306	18.56	1.06800157735618	0.0151910161351961	FOXD2	0.0379013312269441
MA1635.1	1076	3267	34.1804320203304	32.67	1.04623299725529	0.015522552454709	BHLHE22(var.2)	0.0385994137707096
MA0482.2	460	1351	14.6124523506989	13.51	1.08160269065128	0.0159853712789631	GATA4	0.0396182291498554
MA0833.2	428	1253	13.5959339263024	12.53	1.08507054479668	0.0161935643652016	ATF4	0.0400013212464913
MA1646.1	1016	3080	32.274459974587	30.8	1.04787207709698	0.0162719053093314	OSR2	0.0400621827087829
MA1608.1	272	778	8.64040660736976	7.78	1.11059210891642	0.0168689496537579	Isl1	0.0413955146108663
MA0891.1	312	900	9.91105463786531	9	1.10122829309615	0.017526285290777	GSC2	0.0427958173407603
MA0689.1	500	1476	15.8831003811944	14.76	1.07609081173404	0.017554316496344	TBX20	0.0427958173407603
MA1588.1	468	1379	14.866581956798	13.79	1.0780697575633	0.0189326711592967	ZNF136	0.0460057742177047
MA0521.1	1244	3802	39.5171537484117	38.02	1.03937805755949	0.0194023419821696	Tcf12	0.0469939841516185
MA0753.2	1624	5005	51.5883100381194	50.05	1.03073546529709	0.0195118347102664	ZNF740	0.0471062417276982
MA1120.1	420	1233	13.3418043202033	12.33	1.08206036660205	0.0204805385136923	SOX13	0.0491663718582006
MA0679.2	460	1356	14.6124523506989	13.56	1.07761448014003	0.0204969727183651	ONECUT1	0.0491663718582006
