motif	observed	background	percent.observed	percent.background	fold.enrichment	pvalue	motif.name	p.adjust
MA1419.1	1196	1368	31.3746065057712	13.68	2.29346538784878	0	IRF4	0
MA0652.1	1280	1569	33.5781741867786	15.69	2.14010033057862	0	IRF8	0
MA0653.1	1532	2047	40.1888772298006	20.47	1.96330616657551	6.79605082217885e-318	IRF9	1.68995130444847e-315
MA0772.1	1652	2382	43.3368310598111	23.82	1.81934639209954	1.27062149042143e-278	IRF7	2.36970907963597e-276
MA0051.1	1520	2268	39.8740818467996	22.68	1.75811648354496	2.64646567527765e-223	IRF2	3.94852678751425e-221
MA0517.1	2276	4239	59.7061909758657	42.39	1.40849707421245	5.46584761972031e-167	STAT1::STAT2	6.79587054051892e-165
MA1418.1	1732	3088	45.4354669464848	30.88	1.47135579489912	3.92558073046055e-133	IRF3	4.18354746417653e-131
MA0050.2	2652	5607	69.5697796432319	56.07	1.24076653545982	3.79717995385487e-103	IRF1	3.54087030696966e-101
MA1623.1	2236	4583	58.6568730325289	45.83	1.27987940284811	3.58789992089227e-91	Stat2	2.97397037887293e-89
MA0107.1	1380	2633	36.2014690451207	26.33	1.37491337049452	3.74527844129398e-68	RELA	2.79397771720531e-66
MA0101.1	1252	2413	32.8436516264428	24.13	1.36111279015511	1.52998993629925e-56	REL	1.03761135679931e-54
MA1420.1	684	1187	17.9433368310598	11.87	1.51165432443638	8.71621603575716e-48	IRF5	5.4185809688957e-46
MA0508.3	1720	3854	45.1206715634837	38.54	1.17074913242044	2.21317876481848e-26	PRDM1	1.27002412196507e-24
MA0778.1	1124	2375	29.485834207765	23.75	1.241508808748	5.84368109694295e-26	NFKB2	3.11384721308531e-24
MA0519.1	1192	2549	31.2696747114376	25.49	1.22674282900893	3.1342475856077e-25	Stat5a::Stat5b	1.55876579924223e-23
MA0619.1	692	1362	18.1532004197272	13.62	1.3328340983647	8.51262642567623e-25	LIN54	3.96901207097154e-23
MA1509.1	300	509	7.86988457502623	5.09	1.5461462819305	1.42573933063866e-22	IRF6	6.25647965092023e-21
MA1624.1	1072	2299	28.1217208814271	22.99	1.22321534934437	1.33275288250579e-21	Stat5a	5.52352027971846e-20
MA0518.1	1328	2933	34.8373557187828	29.33	1.18777210087906	2.23559803435756e-21	Stat4	8.77766386121441e-20
MA0137.3	1108	2390	29.0661070304302	23.9	1.21615510587574	2.37201271672162e-21	STAT1	8.84760743337164e-20
MA0080.5	2252	5327	59.0766002098636	53.27	1.10900319522928	3.40602259865104e-20	SPI1	1.2099489802827e-18
MA1625.1	1120	2443	29.3809024134313	24.43	1.2026566685809	1.6459337256623e-19	Stat5b	5.58121163338216e-18
MA0836.2	624	1256	16.3693599160546	12.56	1.30329298694702	3.22291293042768e-19	CEBPD	1.04534480265176e-17
MA0731.1	760	1579	19.9370409233998	15.79	1.2626371705763	6.39452677641575e-19	BCL6B	1.98763207300256e-17
MA0081.2	2092	4943	54.8793284365163	49.43	1.11024334283869	6.76504430482563e-18	SPIB	2.01868922055997e-16
MA0628.1	308	554	8.0797481636936	5.54	1.4584382966956	7.59736168535492e-18	POU6F1	2.17985839125953e-16
MA0647.1	376	709	9.86358866736621	7.09	1.39119727325334	4.58672316299738e-17	GRHL1	1.26729462207261e-15
MA1105.2	744	1563	19.5173137460651	15.63	1.24870849303039	5.58727652204272e-17	GRHL2	1.48861010194424e-15
MA0144.2	1432	3259	37.5655823714585	32.59	1.152672058038	6.30367009602169e-17	STAT3	1.62156479021799e-15
MA1629.1	1816	4242	47.6390346274921	42.42	1.12303240517426	7.4772332194493e-17	Zic2	1.85933866056973e-15
MA0837.1	288	518	7.55508919202518	5.18	1.45851142703189	9.66275582176021e-17	CEBPE	2.32529543323649e-15
MA0466.2	296	537	7.76495278069255	5.37	1.44598748243809	1.71091977702602e-16	CEBPB	3.98858173019191e-15
MA0661.1	356	670	9.3389296956978	6.7	1.39387010383549	2.36325546739079e-16	MEOX1	5.34238963234402e-15
MA0009.2	288	527	7.55508919202518	5.27	1.43360326224387	2.04480207860903e-15	TBXT	4.48653632541864e-14
MA1622.1	1228	2776	32.2140608604407	27.76	1.16044887825795	4.80894841418652e-15	Smad2::Smad3	1.02499300485233e-13
MA0816.1	1312	2989	34.4176285414481	29.89	1.1514763647189	6.49212991716211e-15	Ascl2	1.3453135883897e-13
MA0105.4	1056	2353	27.7019937040923	23.53	1.17730529979143	1.02908401409713e-14	NFKB1	2.0748558770715e-13
MA0062.3	1772	4167	46.4847848898216	41.67	1.11554559370822	1.14345006003829e-14	GABPA	2.24477301260149e-13
MA0145.3	284	526	7.4501573976915	5.26	1.41637973340143	2.47300644434135e-14	TFCP2	4.73041745507346e-13
MA1505.1	248	448	6.50577124868835	4.48	1.45218108229651	2.96206404553227e-14	HOXC8	5.52424944491768e-13
MA0683.1	644	1360	16.894018887723	13.6	1.2422072711561	5.12543614839973e-14	POU4F2	9.32579357733219e-13
MA0489.1	1156	2615	30.3252885624344	26.15	1.15966686663229	7.1107187883477e-14	JUN(var.2)	1.23530865892304e-12
MA1570.1	272	503	7.13536201469045	5.03	1.41856103671778	7.12041184097732e-14	TFAP4(var.2)	1.23530865892304e-12
MA0655.1	784	1699	20.5666316894019	16.99	1.21051393110076	7.61142761215509e-14	JDP2	1.29048295424266e-12
MA0780.1	212	374	5.5613850996852	3.74	1.48700136355219	9.80808401514208e-14	PAX3	1.625962372288e-12
MA0607.1	316	602	8.28961175236097	6.02	1.37701191899684	1.10557457630373e-13	Bhlha15	1.79295355200561e-12
MA0462.2	1156	2619	30.3252885624344	26.19	1.15789570685126	1.23999406533721e-13	BATF::JUN	1.96816079306715e-12
MA1500.1	316	603	8.28961175236097	6.03	1.37472831714112	1.46475545644233e-13	HOXB6	2.27647410522078e-12
MA0787.1	672	1437	17.6285414480588	14.37	1.22676001726227	3.14726897740744e-13	POU3F2	4.79155644315499e-12
MA0687.1	1220	2795	32.0041972717734	27.95	1.14505178074323	9.94232818712897e-13	SPIC	1.48339536551964e-11
MA1502.1	296	566	7.76495278069255	5.66	1.37189978457466	1.27832397975326e-12	HOXB8	1.86986213509006e-11
MA1508.1	1820	4334	47.7439664218258	43.34	1.10161436137115	1.85611899438927e-12	IKZF1	2.62108643260743e-11
MA0835.2	1116	2539	29.2759706190976	25.39	1.15305122564386	1.8621659641849e-12	BATF3	2.62108643260743e-11
MA1634.1	1140	2600	29.9055613850997	26	1.15021389942691	2.10948112095779e-12	BATF	2.91420910413799e-11
MA0841.1	836	1848	21.9307450157398	18.48	1.18672862639284	2.5968425517372e-12	NFE2	3.52226280653809e-11
MA1138.1	900	2007	23.6096537250787	20.07	1.17636540732829	3.35548503743342e-12	FOSL2::JUNB	4.46998542486666e-11
MA0681.2	740	1617	19.4123819517314	16.17	1.20051836436187	4.30996229087195e-12	PHOX2B	5.64075766489557e-11
MA1135.1	916	2049	24.0293809024134	20.49	1.1727369888928	4.82597236320145e-12	FOSB::JUNB	6.20719893611773e-11
MA1144.1	928	2079	24.3441762854145	20.79	1.17095605028449	5.08070223929942e-12	FOSL2::JUND	6.42407435680909e-11
MA0102.4	640	1377	16.7890870933893	13.77	1.21925105979588	5.83820335573021e-12	CEBPA	7.25883283895789e-11
MA0899.1	648	1397	16.9989506820567	13.97	1.21681823064114	6.61375434716066e-12	HOXA10	8.08829629997025e-11
MA1134.1	920	2065	24.1343126967471	20.65	1.16873184972141	1.13920601912107e-11	FOS::JUNB	1.37072208107148e-10
MA1640.1	560	1192	14.6904512067156	11.92	1.23242040324796	1.88019754430288e-11	MEIS2(var.2)	2.22639264769834e-10
MA0070.1	384	779	10.0734522560336	7.79	1.29312609191702	2.57534929127385e-11	PBX1	3.00189151764108e-10
MA0744.2	748	1650	19.6222455403987	16.5	1.18922700244841	3.43547035865557e-11	SCRT2	3.94286290393393e-10
MA0665.1	792	1758	20.7764952780693	17.58	1.18182566996981	3.61691661412218e-11	MSC	4.08821180929568e-10
MA0866.1	488	1027	12.8016789087093	10.27	1.24651206511289	5.85227337162066e-11	SOX21	6.5161133361627e-10
MA1592.1	720	1590	18.887722980063	15.9	1.18790710566434	1.18729515819711e-10	ZNF274	1.30253262943389e-09
MA1647.1	1216	2827	31.8992654774397	28.27	1.12837868685673	1.72647240139019e-10	PRDM4	1.86659190063345e-09
MA1563.1	472	997	12.3819517313746	9.97	1.2419209359453	2.50440220561709e-10	SOX18	2.6689772077005e-09
MA0801.1	812	1823	21.3011542497377	18.23	1.1684670460635	3.32101331081131e-10	MGA	3.4409387914795e-09
MA0803.1	812	1823	21.3011542497377	18.23	1.1684670460635	3.32101331081131e-10	TBX15	3.4409387914795e-09
MA0478.1	1116	2581	29.2759706190976	25.81	1.13428789690421	3.53550486269077e-10	FOSL2	3.6129953802292e-09
MA0820.1	932	2123	24.4491080797482	21.23	1.15163014977617	4.75225393730328e-10	FIGLA	4.79078572598412e-09
MA0490.2	844	1907	22.1406086044071	19.07	1.16101775586823	6.42349008718753e-10	JUNB	6.3892314733892e-09
MA0491.2	832	1878	21.8258132214061	18.78	1.16218387760416	7.01805020495597e-10	JUND	6.88877033275942e-09
MA1501.1	340	693	8.91920251836306	6.93	1.287042210442	8.08552393517817e-10	HOXB7	7.83350760473106e-09
MA1128.1	1060	2449	27.806925498426	24.49	1.13543999585243	9.81701863544753e-10	FOSL1::JUN	9.38909731031264e-09
MA0150.2	968	2220	25.3934942287513	22.2	1.14385109138519	1.15890794776072e-09	Nfe2l2	1.09436117598671e-08
MA1113.2	564	1227	14.7953830010493	12.27	1.20581768549709	1.28775675576741e-09	PBX2	1.20083317475311e-08
MA0743.2	688	1529	18.0482686253935	15.29	1.18039690159539	1.41311620783019e-09	SCRT1	1.30146258153249e-08
MA0796.1	612	1344	16.0545645330535	13.44	1.19453605156648	1.45640239469602e-09	TGIF1	1.32497095907711e-08
MA0764.2	1908	4631	50.0524658971668	46.31	1.08081334262939	2.20296013415183e-09	ETV4	1.98000995190032e-08
MA1101.2	756	1701	19.8321091290661	17.01	1.16590882592981	2.80914557163819e-09	BACH2	2.4947888052882e-08
MA0706.1	408	859	10.7030430220357	8.59	1.24598871036504	2.96427634594838e-09	MEOX2	2.59423869695133e-08
MA0712.2	596	1310	15.6348373557188	13.1	1.19349903478769	2.99067731820126e-09	OTX2	2.59423869695133e-08
MA0786.1	660	1466	17.3137460650577	14.66	1.18101951330544	3.04043955347478e-09	POU3F1	2.60708954815194e-08
MA0737.1	740	1663	19.4123819517314	16.63	1.16731100130676	3.38026445488333e-09	GLIS3	2.86554236743518e-08
MA1109.1	1028	2380	26.9674711437566	23.8	1.13308702284691	3.61793540712051e-09	NEUROD1	3.03256158844034e-08
MA1547.1	528	1147	13.8509968520462	11.47	1.20758472990812	3.74532698830216e-09	PITX2	3.10205760788446e-08
MA0056.2	940	2160	24.6589716684155	21.6	1.14161905872294	3.78401129111911e-09	MZF1	3.10205760788446e-08
MA0756.1	344	710	9.02413431269675	7.1	1.27100483277419	3.92239868588537e-09	ONECUT2	3.18055371703314e-08
MA0893.2	316	645	8.28961175236097	6.45	1.28521112439705	4.09340849828661e-09	GSX2	3.28352982765786e-08
MA0761.2	1636	3932	42.9171038824764	39.32	1.09148280474253	4.47178997030662e-09	ETV1	3.54888863600929e-08
MA0633.1	364	759	9.54879328436516	7.59	1.25807553153691	5.94061149390722e-09	Twist2	4.6278863001731e-08
MA0675.1	304	619	7.97481636935992	6.19	1.28833867033278	6.01749291041275e-09	NKX6-2	4.6278863001731e-08
MA1519.1	304	619	7.97481636935992	6.19	1.28833867033278	6.01749291041275e-09	LHX5	4.6278863001731e-08
MA1141.1	1096	2556	28.7513116474292	25.56	1.12485569825623	6.2146086674942e-09	FOS::JUND	4.73071231219457e-08
MA1132.1	824	1876	21.6159496327387	18.76	1.15223612114812	6.72172519159728e-09	JUN::JUNB	5.06505756861775e-08
MA0680.1	184	347	4.82686253934942	3.47	1.39102666840041	6.97918625812949e-09	PAX7	5.2064729485646e-08
MA0788.1	644	1433	16.894018887723	14.33	1.17892664952707	7.11794866515393e-09	POU3F3	5.25741554871766e-08
MA1491.1	1212	2851	31.794333683106	28.51	1.11519935752739	7.3048088877671e-09	GLI3	5.34253669634731e-08
MA0838.1	324	667	8.49947534102833	6.67	1.27428415907471	8.20928973801126e-09	CEBPG	5.94465841571401e-08
MA0869.1	596	1317	15.6348373557188	13.17	1.18715545601509	8.28745945354232e-09	Sox11	5.94465841571401e-08
MA0477.2	1000	2322	26.2329485834208	23.22	1.12975661427307	1.43336956919963e-08	FOSL1	1.01837495106945e-07
MA1108.2	700	1576	18.3630640083945	15.76	1.16516903606564	1.51154943965894e-08	MXI1	1.06378856791092e-07
MA0903.1	432	927	11.3326337880378	9.27	1.22250634175165	1.9835003134713e-08	HOXB3	1.38288900359775e-07
MA0155.1	1584	3815	41.5529905561385	38.15	1.08920027670088	2.278863275142e-08	INSM1	1.57410370671845e-07
MA0099.3	1004	2337	26.3378803777545	23.37	1.1269953092749	2.45706010385971e-08	FOS::JUN	1.68162095181591e-07
MA1604.1	1436	3436	37.6705141657922	34.36	1.09634790936532	2.71861689575787e-08	Ebf2	1.84371654930488e-07
MA0029.1	580	1287	15.215110178384	12.87	1.18221524307568	2.93896295282893e-08	Mecom	1.9751949214508e-07
MA0739.1	700	1583	18.3630640083945	15.83	1.16001667772549	3.6879565708645e-08	Hic1	2.4564425016651e-07
MA1142.1	928	2151	24.3441762854145	21.51	1.13176086868501	4.13115576282239e-08	FOSL1::JUND	2.72729398147389e-07
MA0468.1	496	1086	13.0115424973767	10.86	1.19811625206047	4.46483663059713e-08	DUX4	2.921726426689e-07
MA0804.1	256	518	6.71563483735572	5.18	1.29645460180612	5.08860774685316e-08	TBX19	3.30095772100213e-07
MA0501.1	884	2043	23.189926547744	20.43	1.13509185255722	5.2275154227456e-08	MAF::NFE2	3.36183319428295e-07
MA0640.2	1760	4282	46.1699895068206	42.82	1.07823422482066	6.17941665008047e-08	ELF3	3.92055558689925e-07
MA0832.1	628	1410	16.4742917103882	14.1	1.16838948300626	6.23972770371058e-08	Tcf21	3.92055558689925e-07
MA0002.2	1180	2791	30.9548793284365	27.91	1.10909635716362	6.25396936784197e-08	RUNX1	3.92055558689925e-07
MA0623.2	200	391	5.24658971668415	3.91	1.34183880222101	6.33892716712123e-08	NEUROG1	3.94069972222703e-07
MA0785.1	600	1342	15.7397691500525	13.42	1.17285910209035	6.77055210645876e-08	POU2F1	4.17424121604813e-07
MA0591.1	1056	2478	27.7019937040923	24.78	1.11791742147265	6.97809885787383e-08	Bach1::Mafk	4.26693585899498e-07
MA1130.1	996	2328	26.1280167890871	23.28	1.12233749094017	7.98762778510548e-08	FOSL2::JUN	4.84452872169812e-07
MA0890.1	356	757	9.3389296956978	7.57	1.23367631383062	1.26256829730908e-07	GBX2	7.5957737886498e-07
MA0463.2	628	1416	16.4742917103882	14.16	1.16343868011216	1.34544598448273e-07	BCL6	8.02962163539296e-07
MA0154.4	1608	3897	42.1825813221406	38.97	1.08243729335747	1.36343038035461e-07	EBF1	8.07237352178205e-07
MA1642.1	976	2284	25.6033578174187	22.84	1.120987645246	1.539732705315e-07	NEUROG2(var.2)	9.04441415877945e-07
MA1578.1	1028	2416	26.9674711437566	24.16	1.11620327581774	1.68073584313789e-07	VEZF1	9.76394971033643e-07
MA0648.1	388	835	10.1783840503673	8.35	1.21896814974458	1.69790674955383e-07	GSC	9.76394971033643e-07
MA0476.1	1060	2497	27.806925498426	24.97	1.1136133559642	1.70149257686828e-07	FOS	9.76394971033643e-07
MA0725.1	188	369	4.93179433368311	3.69	1.33652962972442	2.27781488300483e-07	VSX1	1.28731053236485e-06
MA0726.1	188	369	4.93179433368311	3.69	1.33652962972442	2.27781488300483e-07	VSX2	1.28731053236485e-06
MA0700.2	384	828	10.0734522560336	8.28	1.21660051401372	2.56331108176863e-07	LHX2	1.43776696766872e-06
MA0674.1	472	1040	12.3819517313746	10.4	1.19057228186294	2.59393037653334e-07	NKX6-1	1.44408362753274e-06
MA0606.1	964	2261	25.2885624344176	22.61	1.11846804221219	3.19921817283095e-07	NFAT5	1.76786426439399e-06
MA0719.1	480	1061	12.591815320042	10.61	1.18678749482017	3.25158513370164e-07	RHOXF1	1.78359008069222e-06
MA0650.2	520	1159	13.6411332633788	11.59	1.1769743971854	3.56343886294856e-07	HOXA13	1.94038349763476e-06
MA1527.1	1104	2617	28.9611752360965	26.17	1.10665553061125	3.86389921538308e-07	NFIC(var.2)	2.088745517881e-06
MA0627.2	716	1643	18.7827911857293	16.43	1.14320092426837	4.20088818458303e-07	POU2F3	2.25457739978341e-06
MA0521.1	1548	3756	40.6086044071354	37.56	1.08116625152118	4.52149391660939e-07	Tcf12	2.40931032985043e-06
MA0258.2	1112	2642	29.1710388247639	26.42	1.10412713189871	5.97737664171536e-07	ESR2	3.16249856363096e-06
MA0658.1	240	493	6.29590766002099	4.93	1.2770603772862	6.32158412564e-07	LHX6	3.32105757586439e-06
MA0618.1	356	767	9.3389296956978	7.67	1.21759187688368	6.62352970636037e-07	LBX1	3.45535186080058e-06
MA0523.1	812	1887	21.3011542497377	18.87	1.12883700316575	6.9993489993767e-07	TCF7L2	3.62605163439932e-06
MA0117.2	636	1450	16.6841552990556	14.5	1.15063139993487	7.62522729133953e-07	Mafb	3.92304797195813e-06
MA1137.1	932	2190	24.4491080797482	21.9	1.11639762921225	8.28754194839734e-07	FOSL1::JUNB	4.23459335171535e-06
MA1115.1	732	1690	19.202518363064	16.9	1.13624369012213	9.33011516898226e-07	POU5F1	4.73487477283045e-06
MA1636.1	612	1393	16.0545645330535	13.93	1.15251719548123	9.95982995978029e-07	CEBPG(var.2)	5.02029266891628e-06
MA1587.1	2140	5311	56.1385099685205	53.11	1.05702334717606	1.03808077653406e-06	ZNF135	5.19737086774769e-06
MA1639.1	468	1041	12.2770199370409	10.41	1.17934869712209	1.14279759458433e-06	MEIS1(var.2)	5.68351337039941e-06
MA0668.1	184	367	4.82686253934942	3.67	1.31522140036769	1.23333325542985e-06	NEUROD2	6.09315634801768e-06
MA1635.1	1344	3244	35.2570828961175	32.44	1.08683979334518	1.36854775238092e-06	BHLHE22(var.2)	6.71668831102739e-06
MA0722.1	264	555	6.92549842602309	5.55	1.24783755423839	1.92766392913406e-06	VAX1	9.29849991582197e-06
MA0723.1	264	555	6.92549842602309	5.55	1.24783755423839	1.92766392913406e-06	VAX2	9.29849991582197e-06
MA0112.3	820	1917	21.511017838405	19.17	1.12211882307799	1.93199395033834e-06	ESR1	9.29849991582197e-06
MA1124.1	888	2088	23.2948583420776	20.88	1.11565413515698	1.94903527220157e-06	ZNF24	9.32038662219467e-06
MA0495.3	756	1757	19.8321091290661	17.57	1.12874838526273	1.98057588685097e-06	MAFF	9.4108892458014e-06
MA0914.1	428	948	11.2277019937041	9.48	1.18435675039073	2.02401500093165e-06	ISL2	9.55642525756338e-06
MA0913.2	484	1086	12.6967471143757	10.86	1.16912956854288	2.49242087043498e-06	HOXD9	1.16939998071981e-05
MA0797.1	588	1342	15.4249737670514	13.42	1.14940192004854	2.60301875536508e-06	TGIF2	1.21365749468897e-05
MA0611.1	484	1087	12.6967471143757	10.87	1.16805401236207	2.82924263194532e-06	Dux	1.31094099592001e-05
MA0792.1	552	1254	14.4805876180483	12.54	1.15475180367211	2.85610018417986e-06	POU5F1B	1.31232915556397e-05
MA0066.1	680	1571	17.8384050367261	15.71	1.13548090622063	2.86742161336363e-06	PPARG	1.31232915556397e-05
MA0073.1	2244	5599	58.8667366211962	55.99	1.05137947171274	2.91314562545352e-06	RREB1	1.32512599791971e-05
MA1568.1	224	465	5.87618048268625	4.65	1.26369472745941	3.92381485125339e-06	TCF21(var.2)	1.7740399266879e-05
MA1487.1	892	2108	23.3997901364113	21.08	1.11004697041799	4.94544903585425e-06	FOXE1	2.22247287996824e-05
MA0139.1	1644	4036	43.1269674711438	40.36	1.06855717222854	5.3982809669661e-06	CTCF	2.41144766548306e-05
MA0817.1	196	402	5.14165792235047	4.02	1.27901938366927	6.04881679847198e-06	BHLHE23	2.68596269741673e-05
MA0907.1	352	772	9.23399790136411	7.72	1.19611371779328	6.09141752794085e-06	HOXC13	2.68887424606147e-05
MA0818.1	184	375	4.82686253934942	3.75	1.28716334382651	7.11584399437979e-06	BHLHE22	3.12259977635725e-05
MA1632.1	716	1670	18.7827911857293	16.7	1.12471803507361	7.37594779955848e-06	ATF2	3.21781114530446e-05
MA0077.1	428	958	11.2277019937041	9.58	1.17199394506306	7.62180367013029e-06	SOX9	3.30573577785883e-05
MA0745.2	1160	2794	30.4302203567681	27.94	1.08912742866028	7.7939126584692e-06	SNAI2	3.36084326197573e-05
MA0891.1	380	842	9.9685204616999	8.42	1.18390979355106	8.4041802699118e-06	GSC2	3.60076121055761e-05
MA0499.2	1260	3051	33.0535152151102	30.51	1.08336660816487	8.44682589608017e-06	MYOD1	3.60076121055761e-05
MA0689.1	616	1423	16.1594963273872	14.23	1.13559355779249	9.34908788308768e-06	TBX20	3.96273838680875e-05
MA1581.1	1528	3744	40.0839454354669	37.44	1.07061820073363	1.02114481373201e-05	ZBTB6	4.30380808499479e-05
MA0461.2	200	414	5.24658971668415	4.14	1.26729220209762	1.03234632537025e-05	Atoh1	4.32657504902364e-05
MA0752.1	360	796	9.44386149003148	7.96	1.18641476005421	1.17566395626182e-05	ZNF410	4.89969447693472e-05
MA0715.1	424	953	11.1227701993704	9.53	1.16713223498116	1.39199989531597e-05	PROP1	5.7690662328095e-05
MA0734.2	1208	2926	31.6894018887723	29.26	1.08302808915832	1.60826994691457e-05	GLI2	6.62856011269763e-05
MA0896.1	380	847	9.9685204616999	8.47	1.17692095179456	1.63721523724902e-05	Hmx1	6.71078333509761e-05
MA0875.1	312	683	8.18467995802728	6.83	1.19834260000399	1.76313573083673e-05	BARX1	7.18742762406667e-05
MA0068.2	188	389	4.93179433368311	3.89	1.26781345338897	1.8391962955541e-05	PAX4	7.33711463360084e-05
MA0705.1	188	389	4.93179433368311	3.89	1.26781345338897	1.8391962955541e-05	Lhx8	7.33711463360084e-05
MA0701.2	188	389	4.93179433368311	3.89	1.26781345338897	1.8391962955541e-05	LHX9	7.33711463360084e-05
MA0075.3	188	389	4.93179433368311	3.89	1.26781345338897	1.8391962955541e-05	PRRX2	7.33711463360084e-05
MA0109.1	328	722	8.60440713536202	7.22	1.19174614063186	1.8762346890507e-05	HLTF	7.44505892570118e-05
MA1100.2	1152	2785	30.2203567681007	27.85	1.08511155361223	1.92957390461887e-05	ASCL1	7.61620176108823e-05
MA0858.1	692	1620	18.1532004197272	16.2	1.12056792714365	1.96513116336221e-05	Rarb(var.2)	7.71572551509584e-05
MA1637.1	1444	3537	37.8803777544596	35.37	1.07097477394571	2.13368017724963e-05	EBF3	8.33364090171846e-05
MA0492.1	660	1541	17.3137460650577	15.41	1.12353965379998	2.17388552596462e-05	JUND(var.2)	8.44645105400836e-05
MA1145.1	472	1075	12.3819517313746	10.75	1.15180946338368	2.31145622220584e-05	FOSL2::JUND(var.2)	8.9344370039666e-05
MA0602.1	416	939	10.912906610703	9.39	1.16218387760416	2.75813890745138e-05	Arid5a	0.00010606039303911
MA0776.1	148	299	3.88247639034627	2.99	1.29848708707233	3.15146290392324e-05	MYBL1	0.000120563657760345
MA0625.1	840	1999	22.0356768100735	19.99	1.10233500800768	3.55363483751779e-05	NFATC3	0.000135255693305524
MA1565.1	1156	2806	30.3252885624344	28.06	1.08073016972325	4.35575858166453e-05	TBX18	0.000164943954412271
MA1127.1	440	1002	11.5424973767051	10.02	1.15194584597856	4.45967795193038e-05	FOSB::JUN	0.000168026250108084
MA0669.1	268	584	7.03043022035677	5.84	1.20384079115698	4.72867029382483e-05	NEUROG2	0.00017726573061273
MA1597.1	1228	2992	32.2140608604407	29.92	1.07667315710029	4.80127144198941e-05	ZNF528	0.000179087424786205
MA0473.3	1704	4224	44.700944386149	42.24	1.05826099399027	5.08267375841533e-05	ELF1	0.000188640528546161
MA1126.1	448	1023	11.7523609653725	10.23	1.14881338859946	5.16741275122175e-05	FOS::JUN(var.2)	0.000190836134277793
MA0041.1	1240	3024	32.5288562434418	30.24	1.07568969059001	5.2234484985079e-05	Foxd3	0.000191955299501817
MA0830.2	1576	3893	41.3431269674711	38.93	1.06198630792374	5.69724518126007e-05	TCF4	0.000208340436530393
MA0885.1	244	528	6.40083945435467	5.28	1.21228019968838	5.89466692643414e-05	Dlx2	0.000214508367176579
MA1497.1	328	731	8.60440713536202	7.31	1.17707347952969	6.34987980811358e-05	HOXA6	0.000229951958099647
MA1577.1	276	606	7.24029380902413	6.06	1.19476795528451	7.07540190397565e-05	TLX2	0.000254987914027335
MA1473.1	480	1105	12.591815320042	11.05	1.13953079819384	7.14612391058541e-05	CDX4	0.000256298482562342
MA0595.1	820	1957	21.511017838405	19.57	1.09918333359249	7.27101320650805e-05	SREBF1	0.000259529945074402
MA0713.1	384	869	10.0734522560336	8.69	1.15920048976221	7.51737541100234e-05	PHOX2A	0.000267045812219416
MA0598.3	1564	3869	41.0283315844701	38.69	1.06043762172319	9.09908756412479e-05	EHF	0.000321702337575218
MA0707.1	476	1099	12.4868835257083	10.99	1.13620414246663	0.000107524098989054	MNX1	0.000378363103046388
MA0846.1	1016	2461	26.6526757607555	24.61	1.08300185943744	0.000113401969103172	FOXC2	0.000397173093666508
MA0709.1	332	747	8.7093389296957	7.47	1.16590882592981	0.00014007346427631	Msx3	0.000488293478271623
MA1549.1	428	983	11.2277019937041	9.83	1.14218738491395	0.000143565241463896	POU6F1(var.2)	0.000498138000614263
MA0018.4	700	1663	18.3630640083945	16.63	1.10421310934423	0.000153367728575794	CREB1	0.000529686692210843
MA0789.1	504	1173	13.2214060860441	11.73	1.12714459386565	0.000168318570975126	POU3F4	0.00057795822856861
MA1641.1	804	1927	21.0912906610703	19.27	1.09451430519306	0.000168893959554902	MYF5	0.00057795822856861
MA0511.2	416	955	10.912906610703	9.55	1.14271273410503	0.000170951762214588	RUNX2	0.000582328833845127
MA1656.1	1344	3310	35.2570828961175	33.1	1.06516866755642	0.000178698770759832	ZNF449	0.000605951286303795
MA0884.1	404	926	10.598111227702	9.26	1.14450445223564	0.000182558087829519	DUXA	0.000616236803261634
MA0032.2	768	1838	20.1469045120672	18.38	1.09613191034098	0.000200123511558988	FOXC1	0.000672487115418942
MA0714.1	452	1046	11.8572927597062	10.46	1.13358439385336	0.000208939152646767	PITX3	0.000698962367150173
MA0467.1	568	1336	14.900314795383	13.36	1.11529302360651	0.000228014017916829	Crx	0.000759368113240867
MA1535.1	744	1779	19.5173137460651	17.79	1.09709464564728	0.000229154791028787	NR2C1	0.000759775440477667
MA1152.1	908	2196	23.8195173137461	21.96	1.08467747330355	0.00024209655078243	SOX15	0.000799132862317224
MA0883.1	344	781	9.02413431269675	7.81	1.15545893888563	0.000243213970730082	Dmbx1	0.000799284679139387
MA0494.1	928	2252	24.3441762854145	22.52	1.08100249935233	0.000346202833360072	Nr1h3::Rxra	0.00113275137581848
MA1523.1	816	1967	21.4060860440714	19.67	1.08826060213886	0.000349398707579084	MSANTD3	0.00113663537849333
MA0800.1	584	1381	15.3200419727177	13.81	1.10934409650382	0.000350437181036818	EOMES	0.00113663537849333
MA0862.1	120	246	3.14795383001049	2.46	1.27965602845955	0.000363870000541775	GMEB2	0.00117509532642495
MA0465.2	608	1442	15.9496327387198	14.42	1.10607716634673	0.000372118080136703	CDX2	0.00119655210250854
MA0480.1	956	2326	25.0786988457503	23.26	1.07818997617155	0.000411986664187363	Foxo1	0.0013190645986428
MA0898.1	460	1073	12.0671563483736	10.73	1.12461848540294	0.000420418600135411	Hmx3	0.00134030887051716
MA0879.1	292	659	7.66002098635887	6.59	1.16237040764171	0.000452116821049269	Dlx1	0.00143523041916066
MA0691.1	636	1515	16.6841552990556	15.15	1.10126437617529	0.000457699951471856	TFAP4	0.00144679730422883
MA0488.1	708	1698	18.5729275970619	16.98	1.09381199040412	0.000501589312168908	JUN	0.00157884230750213
MA0030.1	552	1305	14.4805876180483	13.05	1.10962357226424	0.000506519780801082	FOXF2	0.00158766284234289
MA1468.1	308	700	8.0797481636936	7	1.15424973767051	0.000560791474523721	ATOH7	0.00175042025102383
MA1654.1	1336	3308	35.0472193074502	33.08	1.05946854012848	0.000567737277464093	ZNF16	0.00176471670411755
MA0718.1	300	681	7.86988457502623	6.81	1.15563650147228	0.000601375078525064	RAX	0.00186151787792406
MA0784.1	668	1600	17.5236096537251	16	1.09522560335782	0.000638980554088905	POU1F1	0.001969749972522
MA1539.1	536	1268	14.0608604407135	12.68	1.10890066567141	0.000661907059790145	NR2F6(var.3)	0.00203202743458209
MA1467.1	944	2303	24.7639034627492	23.03	1.07528890415759	0.000689585342877272	ATOH1(var.2)	0.00210832240076412
MA0152.1	1364	3384	35.7817418677859	33.84	1.05738007883528	0.000700473826387926	NFATC2	0.00213287132443018
MA0659.2	764	1846	20.0419727177335	18.46	1.08569733032142	0.000781208368737429	MAFG	0.00236903025641513
MA1559.1	1220	3014	32.0041972717734	30.14	1.06185126980004	0.000787900962184328	SNAI3	0.00237965229874295
MA0667.1	512	1211	13.4312696747114	12.11	1.10910567090928	0.000867983080134416	MYF6	0.00261094910395272
MA0811.1	1228	3037	32.2140608604407	30.37	1.06071981759765	0.000906052168211173	TFAP2B	0.00271451774090576
MA0897.1	440	1032	11.5424973767051	10.32	1.11845904813034	0.000955752500168873	Hmx2	0.00285196546050392
MA0524.2	1232	3049	32.3189926547744	30.49	1.05998664003852	0.000999390758204733	TFAP2C	0.0029703008192061
MA1585.1	408	953	10.7030430220357	9.53	1.12308950913281	0.001023317167275	ZKSCAN1	0.0030293436777268
MA1112.2	904	2207	23.7145855194124	22.07	1.07451678837392	0.00103847008307041	NR4A1	0.00306205012636572
MA1139.1	328	755	8.60440713536202	7.55	1.13965657422013	0.00105633683304054	FOSL2::JUNB(var.2)	0.00310246959625293
MA0605.2	372	864	9.75865687303253	8.64	1.12947417511951	0.00106877019114613	ATF3	0.00312667671605886
MA0868.2	492	1164	12.906610703043	11.64	1.1088153524951	0.00113270549269819	SOX8	0.00330077459981583
MA1572.1	372	865	9.75865687303253	8.65	1.12816842462804	0.00117794777247759	TGIF2LY	0.00341925695824235
MA1518.1	304	697	7.97481636935992	6.97	1.14416303721089	0.00119564302630674	LHX1	0.00344797809733473
MA0671.1	656	1578	17.208814270724	15.78	1.090545898018	0.00119708622950361	NFIX	0.00344797809733473
MA0901.2	856	2087	22.4554039874082	20.87	1.07596569177806	0.00123153062539966	HOXB13	0.00353354556364671
MA1542.1	420	985	11.0178384050367	9.85	1.11856227462302	0.001241855356342	OSR1	0.00354951760854839
MA0503.1	896	2190	23.504721930745	21.9	1.07327497400662	0.00129653431029407	Nkx2-5(var.2)	0.00369165876137166
MA0766.2	432	1016	11.3326337880378	10.16	1.11541671142104	0.00136408928722583	GATA5	0.00386924185654171
MA0842.2	496	1177	13.0115424973767	11.77	1.10548364463693	0.00145017572514042	NRL	0.00409784504149529
MA0826.1	168	368	4.40713536201469	3.68	1.19759113098225	0.00158518074626021	OLIG1	0.00444724276033539
MA0142.1	736	1785	19.3074501573977	17.85	1.08164986876178	0.00158574607808206	Pou5f1::Sox2	0.00444724276033539
MA0497.1	1332	3316	34.9422875131165	33.16	1.05374811559459	0.00161301794071907	MEF2C	0.00450678420890046
MA0773.1	1012	2491	26.5477439664218	24.91	1.06574644586198	0.00163265467421544	MEF2D	0.00454462830956986
MA0520.1	864	2115	22.6652675760755	21.15	1.07164385702485	0.00199304357946793	Stat6	0.0055271766181527
MA0660.1	900	2208	23.6096537250787	22.08	1.06927779551987	0.00210289829889154	MEF2B	0.00581023011471515
MA1472.1	872	2137	22.8751311647429	21.37	1.07043196840163	0.00219124405710086	BHLHA15(var.2)	0.00601193954124354
MA0048.2	1196	2970	31.3746065057712	29.7	1.05638405743338	0.00219202085149898	NHLH1	0.00601193954124354
MA0059.1	536	1283	14.0608604407135	12.83	1.09593612164564	0.0022122751399962	MAX::MYC	0.00604526466826801
MA1628.1	1768	4458	46.3798530954879	44.58	1.0403735553048	0.00239868659128697	Zic1::Zic2	0.00653073064635065
MA0892.1	356	833	9.3389296956978	8.33	1.12112001148833	0.00245295977335194	GSX1	0.00665421087607473
MA0878.2	436	1033	11.4375655823715	10.33	1.1072183526013	0.0024838360691434	CDX1	0.00671355691152528
MA1558.1	1328	3315	34.8373557187828	33.15	1.05090062500099	0.00265375230960267	SNAI1	0.00714692860275665
MA0880.1	316	735	8.28961175236097	7.35	1.12783833365455	0.00279652526509724	Dlx3	0.00750434477612426
MA0035.4	388	915	10.1783840503673	9.15	1.11239169949369	0.00297890619377728	GATA1	0.00796510401633639
MA0735.1	528	1267	13.8509968520462	12.67	1.09321206409204	0.00302832949555639	GLIS1	0.00806833501316095
MA0159.1	912	2245	23.9244491080797	22.45	1.06567702040444	0.00305066053258347	RARA::RXRA	0.0080989066096344
MA1562.1	332	776	8.7093389296957	7.76	1.12233749094017	0.00315102336497067	SOX14	0.00831483627164043
MA0805.1	660	1602	17.3137460650577	16.02	1.08075818133943	0.00315428775452311	TBX1	0.00831483627164043
MA0795.1	212	480	5.5613850996852	4.8	1.15862189576775	0.00318524353375872	SMAD3	0.00836687209923944
MA0017.2	1280	3195	33.5781741867786	31.95	1.05096006844377	0.00331566810829734	NR2F1	0.00867890669750814
MA0699.1	288	668	7.55508919202518	6.68	1.13100137605167	0.00353086379695219	LBX2	0.00920987549834382
MA1557.1	180	403	4.72193074501574	4.03	1.17169497394932	0.00358609963022433	SMAD5	0.0093213600144507
MA0634.1	320	748	8.39454354669465	7.48	1.12226518003939	0.00373768930057481	ALX3	0.00968165353551669
MA1631.1	1632	4113	42.8121720881427	41.13	1.04089890805112	0.0038997456163623	ASCL1(var.2)	0.0100664713834127
MA1573.1	1076	2674	28.2266526757608	26.74	1.05559658473301	0.00454860993221364	THAP11	0.0116744981885037
MA0757.1	460	1101	12.0671563483736	11.01	1.09601783363974	0.00456558629633197	ONECUT3	0.0116744981885037
MA0670.1	596	1445	15.6348373557188	14.45	1.08199566475563	0.00456964272257786	NFIA	0.0116744981885037
MA1149.1	920	2273	24.1343126967471	22.73	1.0617823447755	0.00466492583155416	RARA::RXRG	0.0118772514346055
MA1125.1	1776	4493	46.5897166841553	44.93	1.03694005528946	0.00469729310774426	ZNF384	0.011918981831215
MA0812.1	1244	3109	32.6337880377754	31.09	1.04965545312883	0.00477108274833048	TFAP2B(var.2)	0.0120651787466256
MA0905.1	300	701	7.86988457502623	7.01	1.1226654172648	0.00481224814798779	HOXC10	0.0121281659405368
MA0688.1	592	1436	15.5299055613851	14.36	1.08146974661456	0.00493507284098799	TBX2	0.012395839526522
MA0601.1	508	1224	13.3263378803778	12.24	1.0887530948021	0.00522644559860237	Arid3b	0.0130554375424682
MA0886.1	220	504	5.77124868835257	5.04	1.14508902546678	0.0052326753688981	EMX2	0.0130554375424682
MA0091.1	552	1336	14.4805876180483	13.36	1.08387631871619	0.00544879697311188	TAL1::TCF3	0.0135493418064715
MA1601.1	1256	3143	32.9485834207765	31.43	1.04831636718983	0.00551220572608263	ZNF75D	0.0136614799722845
MA1117.1	724	1775	18.9926547743966	17.75	1.07000871968432	0.00588802187150745	RELB	0.0145445838282932
MA0149.1	2468	6319	64.7429171038825	63.19	1.02457536166929	0.00606388657736562	EWSR1-FLI1	0.014929568933052
MA0844.1	280	654	7.34522560335782	6.54	1.12312318094156	0.00618908828352131	XBP1	0.0151876969062727
MA0793.1	392	934	10.2833158447009	9.34	1.10099741377954	0.00624375617039004	POU6F2	0.0152716134528229
MA0656.1	408	975	10.7030430220357	9.75	1.09774800226007	0.00663289769077647	JDP2(var.2)	0.0161703976382982
MA0738.1	1024	2548	26.8625393494229	25.48	1.0542597860841	0.00690354818593616	HIC2	0.0167585792371242
MA0003.4	1628	4115	42.707240293809	41.15	1.03784302050569	0.00691909169575639	TFAP2A	0.0167585792371242
MA0768.1	760	1871	19.9370409233998	18.71	1.06558209104221	0.00740459771146895	LEF1	0.0178764721448409
MA1657.1	560	1361	14.6904512067156	13.61	1.07938656919292	0.00744251872292916	ZNF652	0.0179100611848553
MA0500.2	928	2303	24.3441762854145	23.03	1.0570636684939	0.00774627996173114	MYOG	0.0185811088471107
MA0052.4	1356	3412	35.5718782791186	34.12	1.04255211837979	0.00866969084962603	MEF2A	0.0207294531212212
MA0111.1	792	1956	20.7764952780693	19.56	1.06219301012624	0.008758788262409	Spz1	0.0208755784145595
MA0673.1	568	1385	14.900314795383	13.85	1.07583500327675	0.00939839015138394	NKX2-8	0.0223286594042434
MA1619.1	772	1908	20.2518363064008	19.08	1.06141699719082	0.0104637600365263	Ptf1a(var.2)	0.0247808412293608
MA0038.2	664	1632	17.4186778593914	16.32	1.06732094726663	0.0107348702770941	GFI1	0.0253424469199754
MA1496.1	332	791	8.7093389296957	7.91	1.10105422625736	0.0114028767347766	HOXA4	0.0268345301077076
MA1528.1	1108	2777	29.0661070304302	27.77	1.04667292151351	0.0123736801101013	NFIX(var.2)	0.0290275640318729
MA1155.1	932	2323	24.4491080797482	23.23	1.0524799001183	0.0126265919447659	ZSCAN4	0.0295280175260044
MA0078.1	444	1077	11.6474291710388	10.77	1.08146974661456	0.0145878692316136	Sox17	0.0340079701461991
MA1129.1	296	705	7.76495278069255	7.05	1.10141174194221	0.0160607798722582	FOSL1::JUN(var.2)	0.0373250522887994
MA0853.1	256	605	6.71563483735572	6.05	1.11002228716623	0.0162413407363274	Alx4	0.0376274540040381
MA0867.2	900	2246	23.6096537250787	22.46	1.05118671972746	0.0164244598788267	SOX4	0.0379338918563614
MA0083.3	260	616	6.8205666316894	6.16	1.10723484280672	0.0176748515119051	SRF	0.0406958000860532
MA1579.1	1172	2951	30.7450157397691	29.51	1.04185075363501	0.0178477611518951	ZBTB26	0.0409674763671192
MA0138.2	1224	3086	32.109129066107	30.86	1.04047728665285	0.0179515774651144	REST	0.0410793766532987
MA0810.1	1480	3752	38.8247639034628	37.52	1.03477515734176	0.0181965223589738	TFAP2A(var.2)	0.0415125555957018
MA0614.1	432	1051	11.3326337880378	10.51	1.07827153073623	0.0194442198379329	Foxj2	0.0442237438996887
MA1478.1	300	718	7.86988457502623	7.18	1.09608420264989	0.0202000115650847	DMRTA2	0.0458030657372437
MA0682.2	408	991	10.7030430220357	9.91	1.08002452290976	0.0205633835645139	PITX1	0.0464857095125072
MA0834.1	328	789	8.60440713536202	7.89	1.090545898018	0.0209558465177257	ATF7	0.0472297930580766
MA0833.2	516	1266	13.5362014690451	12.66	1.06921022662284	0.0210863918685734	ATF4	0.0473808684757703
MA1136.1	316	759	8.28961175236097	7.59	1.09217546144413	0.0213300125622792	FOSB::JUNB(var.2)	0.0477843524668476
