Estimate	Std. Error	df	t value	Pr(>|t|)	feature	p.adjust	group
0.000521628553428615	0.000177795609961069	82521.5656856775	2.93386632854902	0.00334860453729063	ERV24B.Prim-int	0.00844430709403723	IFN1
0.00146055795690507	0.000273952566011107	82531.8968876593	5.33142645156261	9.769959082549e-08	ERV3-16A3.I-int	3.54161016742401e-07	IFN1
0.00167782630605949	0.000161303769786411	82522.7934342392	10.4016558836856	2.52614536868552e-25	ERV3-16A3.LTR	2.09309187691086e-24	IFN1
0.000522856759005216	0.000219438024888242	82529.3529745746	2.38270809843235	0.0171880653434988	ERVL-B4-int	0.0383426073047281	IFN1
0.00147354304035863	0.000287908962544953	82531.3716298802	5.11808672899011	3.09341102772799e-07	ERVL-E-int	1.05539905651896e-06	IFN1
0.00160307637312238	0.000213767980175019	82520.860385561	7.49914169470046	6.48771302256254e-14	ERVL47-int	3.42079413916934e-13	IFN1
0.00189119639886927	0.000156597347634033	82525.1742234887	12.0768099041433	1.49490621391956e-33	HERV15-int	1.44507600678891e-32	IFN1
0.00229823158170931	0.000153318750395452	82523.8851975154	14.9898924676958	9.97282077268546e-51	HERV3-int	1.92807868271919e-49	IFN1
0.00167186275795065	0.000170075098828246	82523.8670262086	9.83014426843885	8.59429453525118e-23	HERV9N-int	5.53854536716187e-22	IFN1
0.00096664126440528	0.000157227697064746	82525.953670164	6.14803423602407	7.88071131876088e-10	HERVE-int	3.51600966529332e-09	IFN1
0.00255998078653787	0.000157103762655439	82526.3266049262	16.2948407044358	1.33102914865951e-59	HERVE.a-int	3.85998453111259e-58	IFN1
0.00150172312320702	0.000274395245610428	82546.9670520262	5.47284673196959	4.44147226037657e-08	HERVH-int	1.84003850787029e-07	IFN1
0.000489987734397452	0.000177313335888096	82521.9931493233	2.76340034968767	0.00572152294794447	HERVH48-int	0.0138270137908658	IFN1
0.000939849540257966	0.000174066044683474	82523.2758010687	5.39938471036677	6.70538788593581e-08	HERVIP10B3-int	2.59274998256185e-07	IFN1
0.00220908661931401	0.000159082059348483	82523.0521741624	13.8864597828396	8.57348609999603e-44	HERVIP10FH-int	1.24315548449942e-42	IFN1
0.00108157687042616	0.000220991456598098	82521.2711635137	4.89420218806535	9.88911340299934e-07	HERVK13-int	3.18649209652201e-06	IFN1
0.000366986344815741	0.000159205952507423	82525.7991537391	2.30510442000357	0.0211631945886346	HERVK22-int	0.0454616772644744	IFN1
0.00209539351169878	0.00015410256479983	82528.2098185572	13.5973954386844	4.60664404500574e-42	HERVK9-int	5.34370709220666e-41	IFN1
0.00108429748581618	0.00023471611146127	82521.9657050544	4.61961251430796	3.85037008097623e-06	HERVKC4-int	1.17537612998222e-05	IFN1
0.00382231676147111	0.000213977238245536	82544.1049961296	17.8631932667766	3.10986097823678e-71	HERVL-int	1.80371936737733e-69	IFN1
0.000349333799665544	0.000145347750746522	82522.5033686019	2.40343450704485	0.0162440678767058	HERVL18-int	0.0376862374739575	IFN1
0.000637762527557675	0.000179283594795475	82523.4291978394	3.55728324326176	0.000374919924466701	HERVL66-int	0.00103549312471756	IFN1
0.000901727745193328	0.000176079957327835	82521.2091965323	5.12112655453705	3.04396756694556e-07	ERV24B.Prim-int	1.10343824301777e-06	IFNG
0.00132938660694475	0.000271346031941835	82530.6614102458	4.89922995162765	9.63948059614488e-07	ERV3-16A3.I-int	2.94257828724423e-06	IFNG
0.00159478819338655	0.000159772580931611	82522.3245713099	9.98161376681512	1.89168241468307e-23	ERV3-16A3.LTR	1.37146975064523e-22	IFNG
0.00120022194660425	0.000285176576285507	82530.1776160844	4.20869751028441	2.57118210549479e-05	ERVL-E-int	7.10136010089038e-05	IFNG
0.00150917686079334	0.000211734641827063	82520.563298708	7.12768042003243	1.02906779281108e-12	ERVL47-int	5.42599381664023e-12	IFNG
0.00195810154939098	0.000155090223857091	82524.4962707801	12.6255640148878	1.65000285234405e-36	HERV15-int	1.36714522051364e-35	IFNG
0.00252405355053296	0.000151808100504764	82523.3158616669	16.6266064995243	5.6437057131674e-62	HERV3-int	1.09111643787903e-60	IFNG
0.00165611321132162	0.000168451957549762	82523.3030497427	9.83136815630294	8.4905959050054e-23	HERV9N-int	5.47171736100348e-22	IFNG
0.000869428919309101	0.000155733560695512	82525.2127006028	5.58279741005215	2.37421992563677e-08	HERVE-int	9.1803170457955e-08	IFNG
0.00267484641341565	0.000155576288337773	82525.5466393291	17.1931496887769	3.89863751710424e-66	HERVE.a-int	1.13060487996023e-64	IFNG
0.00135962908440334	0.000271786740333713	82544.6541152579	5.00255856019289	5.66902404822012e-07	HERVH-int	1.91370986901554e-06	IFNG
0.000488098571986141	0.000175620973814295	82521.5971709318	2.77927266536094	0.00544930948080052	HERVH48-int	0.0130722102789484	IFNG
0.000677063423042823	0.000193043004711366	82520.9902887567	3.50731912847687	0.000452886424359998	HERVI-int	0.0011420614179513	IFNG
0.00113141280247773	0.00017239031655874	82522.7655989224	6.56308791040602	5.30154229369773e-11	HERVIP10B3-int	2.36530348488053e-10	IFNG
0.00251433980973119	0.000157504836413683	82522.55879917	15.9635720843983	2.79384488219296e-57	HERVIP10FH-int	4.05107507917979e-56	IFNG
0.000549952869448086	0.000218905674624982	82520.9412596177	2.51228238093981	0.0119971979935	HERVK13-int	0.026762980139346	IFNG
0.00205964567697647	0.000152634700079831	82527.2824332813	13.493954362273	1.87859654451091e-41	HERVK9-int	2.17917199163266e-40	IFNG
0.00130686154204664	0.000232461547351127	82521.5718338264	5.6218396416017	1.89542892329448e-08	HERVKC4-int	7.85249125364858e-08	IFNG
0.00426353027944231	0.000211826639532499	82541.9598153722	20.1274508666705	6.98026988385648e-90	HERVL-int	4.04855653263676e-88	IFNG
0.000491606037422668	0.000177578010381402	82522.9108132404	2.76839478247782	0.00563457339609844	HERVL66-int	0.0130722102789484	IFNG
